Site	Plot	Lon	Lat	Alt	NDVI	SD	Stability	MAP	MAT	MAP_2010	MAT_2010	NDVI_2010	MAP_2011	MAT_2011	NDVI_2011	NDVI_2010_2011	ANPP_2010_2011	Soil_pH	SOC	TSN	TSP	SST	Plant_alpha	Plant_beta	Plant_gama	SB_alpha	SB_beta	SB_gama	Nema_alpha	Nema_beta	Nema_gama	Ba_alpha	Ba_beta	Ba_gama	Fu_alpha	Fu_beta	Fu_gama	AB_alpha	AB_beta	PB_alpha	PB_beta	PF_alpha	PF_beta	PR_alpha	PR_beta	SS_alpha	SS_beta	BF_alpha	BF_beta	FF_alpha	FF_beta	RF_alpha	RF_beta	OC_alpha	OC_beta	ECM_alpha	ECM_beta	Path_alpha	Path_beta	Sap_alpha	Sap_beta
S1 	P1	105.94300 	49.37100 	823.10000 	0.39000 	0.04200 	9.20000 	356.35800 	2.73100 	354.10487 	2.53417 	0.37802 	345.55542 	2.84809 	0.42530 	0.42530 	71.14000 	6.84597 	16.12700 	1.38700 	0.16100 	0.59900 	9.00000 	0.25000 	15.00000 	0.49965 	0.21383 	0.21660 	15.00000 	0.43750 	23.00000 	6183.00000 	0.94700 	9269.00000 	324.00000 	0.97922 	508.00000 	1.00000 	0.28571 	2.00000 	0.00000 	2.00000 	0.80000 	3.00000 	0.12500 	1.00000 	0.20000 	6.00000 	0.33333 	4.00000 	0.66667 	3.00000 	0.50000 	2.00000 	0.33333 	4.00000 	2.00000 	84.00000 	0.57732 	161.00000 	0.82308 
S1 	P2	105.94300 	49.37100 	823.10000 	0.39000 	0.04200 	9.20000 	356.35800 	2.73100 	354.10487 	2.53417 	0.37802 	345.55542 	2.84809 	0.42530 	0.42530 	70.91000 	6.60648 	15.56300 	1.26500 	0.15600 	0.50400 	12.00000 	0.25000 	15.00000 	-0.46228 	0.21383 	0.21660 	19.00000 	0.43750 	23.00000 	2174.00000 	0.94700 	9269.00000 	205.00000 	0.97922 	508.00000 	3.00000 	0.28571 	1.00000 	0.00000 	4.00000 	0.80000 	2.00000 	0.12500 	2.00000 	0.20000 	8.00000 	0.33333 	3.00000 	0.66667 	5.00000 	0.50000 	3.00000 	0.33333 	1.00000 	2.00000 	52.00000 	0.57732 	93.00000 	0.82308 
S1 	P3	105.94300 	49.37100 	823.10000 	0.39000 	0.04200 	9.20000 	356.35800 	2.73100 	354.10487 	2.53417 	0.37802 	345.55542 	2.84809 	0.42530 	0.42530 	64.86000 	6.43352 	14.82000 	1.25800 	0.15600 	0.48000 	15.00000 	0.25000 	15.00000 	0.13130 	0.21383 	0.21660 	14.00000 	0.43750 	23.00000 	5925.00000 	0.94700 	9269.00000 	241.00000 	0.97922 	508.00000 	3.00000 	0.28571 	3.00000 	0.00000 	4.00000 	0.80000 	3.00000 	0.12500 	2.00000 	0.20000 	4.00000 	0.33333 	2.00000 	0.66667 	4.00000 	0.50000 	4.00000 	0.33333 	0.00000 	2.00000 	58.00000 	0.57732 	136.00000 	0.82308 
S2 	P1	106.31200 	49.94100 	739.80000 	0.43700 	0.03800 	11.61400 	372.74000 	1.34200 	365.49659 	1.10716 	0.42475 	345.19638 	1.62808 	0.45829 	0.45829 	185.27000 	7.47398 	14.69300 	1.16700 	0.15600 	0.44500 	16.00000 	0.71429 	32.00000 	0.68607 	-0.24202 	1.03725 	15.00000 	0.25000 	20.00000 	5820.00000 	0.74501 	10459.00000 	412.00000 	1.14010 	886.00000 	2.00000 	0.50000 	2.00000 	0.00000 	9.00000 	0.88571 	2.00000 	1.25000 	1.00000 	0.80000 	5.00000 	0.23529 	4.00000 	0.25000 	3.00000 	0.33333 	3.00000 	0.20000 	4.00000 	1.40000 	64.00000 	0.75182 	172.00000 	0.93140 
S2 	P2	106.31200 	49.94100 	739.80000 	0.43700 	0.03800 	11.61400 	372.74000 	1.34200 	365.49659 	1.10716 	0.42475 	345.19638 	1.62808 	0.45829 	0.45829 	184.17000 	8.00698 	14.37000 	1.47500 	0.16500 	0.60200 	19.00000 	0.71429 	32.00000 	0.52059 	-0.24202 	1.03725 	16.00000 	0.25000 	20.00000 	5269.00000 	0.74501 	10459.00000 	375.00000 	1.14010 	886.00000 	3.00000 	0.50000 	2.00000 	0.00000 	12.00000 	0.88571 	1.00000 	1.25000 	1.00000 	0.80000 	5.00000 	0.23529 	3.00000 	0.25000 	4.00000 	0.33333 	4.00000 	0.20000 	4.00000 	1.40000 	38.00000 	0.75182 	105.00000 	0.93140 
S2 	P3	106.31200 	49.94100 	739.80000 	0.43700 	0.03800 	11.61400 	372.74000 	1.34200 	365.49659 	1.10716 	0.42475 	345.19638 	1.62808 	0.45829 	0.45829 	98.87000 	7.84631 	19.66000 	1.67600 	0.16500 	0.82900 	21.00000 	0.71429 	32.00000 	1.17262 	-0.24202 	1.03725 	17.00000 	0.25000 	20.00000 	6892.00000 	0.74501 	10459.00000 	455.00000 	1.14010 	886.00000 	1.00000 	0.50000 	2.00000 	0.00000 	14.00000 	0.88571 	1.00000 	1.25000 	3.00000 	0.80000 	7.00000 	0.23529 	5.00000 	0.25000 	2.00000 	0.33333 	3.00000 	0.20000 	2.00000 	1.40000 	35.00000 	0.75182 	102.00000 	0.93140 
S3 	P1	106.24200 	49.86100 	768.30000 	0.38600 	0.04900 	7.95000 	374.18500 	2.00100 	368.31219 	1.77458 	0.35151 	350.77034 	2.26409 	0.41286 	0.41286 	109.58000 	5.82778 	13.64000 	1.10100 	0.15500 	0.38000 	5.00000 	0.35000 	9.00000 	-0.07578 	0.38733 	-0.18318 	16.00000 	0.29545 	19.00000 	2950.00000 	1.08311 	8113.00000 	342.00000 	1.03275 	538.00000 	0.00000 	0.50000 	1.00000 	0.50000 	1.00000 	2.00000 	2.00000 	0.20000 	1.00000 	0.28600 	9.00000 	0.36364 	2.00000 	0.28571 	3.00000 	0.28571 	2.00000 	0.12500 	9.00000 	2.00000 	67.00000 	0.55556 	151.00000 	0.88000 
S3 	P2	106.24200 	49.86100 	768.30000 	0.38600 	0.04900 	7.95000 	374.18500 	2.00100 	368.31219 	1.77458 	0.35151 	350.77034 	2.26409 	0.41286 	0.41286 	190.64000 	5.95180 	10.01300 	0.78800 	0.15400 	0.12200 	7.00000 	0.35000 	9.00000 	0.08295 	0.38733 	-0.18318 	13.00000 	0.29545 	19.00000 	6291.00000 	1.08311 	8113.00000 	220.00000 	1.03275 	538.00000 	1.00000 	0.50000 	1.00000 	0.50000 	0.00000 	2.00000 	2.00000 	0.20000 	3.00000 	0.28600 	5.00000 	0.36364 	3.00000 	0.28571 	2.00000 	0.28571 	3.00000 	0.12500 	0.00000 	2.00000 	45.00000 	0.55556 	109.00000 	0.88000 
S3 	P3	106.24200 	49.86100 	768.30000 	0.38600 	0.04900 	7.95000 	374.18500 	2.00100 	368.31219 	1.77458 	0.35151 	350.77034 	2.26409 	0.41286 	0.41286 	130.20000 	6.59128 	8.31000 	0.65100 	0.14400 	-0.06600 	8.00000 	0.35000 	9.00000 	-0.57860 	0.38733 	-0.18318 	15.00000 	0.29545 	19.00000 	2443.00000 	1.08311 	8113.00000 	232.00000 	1.03275 	538.00000 	1.00000 	0.50000 	2.00000 	0.50000 	1.00000 	2.00000 	1.00000 	0.20000 	3.00000 	0.28600 	8.00000 	0.36364 	2.00000 	0.28571 	2.00000 	0.28571 	3.00000 	0.12500 	1.00000 	2.00000 	50.00000 	0.55556 	115.00000 	0.88000 
S4 	P1	106.07400 	49.15800 	925.50000 	0.44300 	0.04200 	10.55100 	336.65200 	1.70400 	333.55272 	1.51434 	0.47341 	331.67354 	1.76933 	0.43046 	0.43046 	146.41000 	7.14985 	24.19300 	1.98400 	0.16000 	1.01000 	21.00000 	0.64516 	34.00000 	0.75484 	-0.71150 	0.60638 	16.00000 	0.27660 	20.00000 	5003.00000 	0.78992 	10440.00000 	472.00000 	0.81364 	665.00000 	2.00000 	0.50000 	3.00000 	0.00000 	12.00000 	0.78125 	2.00000 	0.71429 	2.00000 	1.00000 	8.00000 	0.22727 	3.00000 	0.00000 	2.00000 	0.66667 	3.00000 	0.28571 	13.00000 	1.07692 	70.00000 	0.75568 	234.00000 	0.70270 
S4 	P2	106.07400 	49.15800 	925.50000 	0.44300 	0.04200 	10.55100 	336.65200 	1.70400 	333.55272 	1.51434 	0.47341 	331.67354 	1.76933 	0.43046 	0.43046 	113.19000 	7.31449 	21.25300 	1.85200 	0.14000 	0.76800 	18.00000 	0.64516 	34.00000 	0.41488 	-0.71150 	0.60638 	17.00000 	0.27660 	20.00000 	5515.00000 	0.78992 	10440.00000 	301.00000 	0.81364 	665.00000 	3.00000 	0.50000 	3.00000 	0.00000 	7.00000 	0.78125 	3.00000 	0.71429 	2.00000 	1.00000 	8.00000 	0.22727 	3.00000 	0.00000 	4.00000 	0.66667 	2.00000 	0.28571 	6.00000 	1.07692 	50.00000 	0.75568 	144.00000 	0.70270 
S4 	P3	106.07400 	49.15800 	925.50000 	0.44300 	0.04200 	10.55100 	336.65200 	1.70400 	333.55272 	1.51434 	0.47341 	331.67354 	1.76933 	0.43046 	0.43046 	143.72000 	7.14171 	24.31700 	1.97400 	0.14000 	0.87900 	23.00000 	0.64516 	34.00000 	0.61578 	-0.71150 	0.60638 	14.00000 	0.27660 	20.00000 	6980.00000 	0.78992 	10440.00000 	327.00000 	0.81364 	665.00000 	3.00000 	0.50000 	3.00000 	0.00000 	13.00000 	0.78125 	2.00000 	0.71429 	2.00000 	1.00000 	6.00000 	0.22727 	3.00000 	0.00000 	3.00000 	0.66667 	2.00000 	0.28571 	7.00000 	1.07692 	56.00000 	0.75568 	177.00000 	0.70270 
S5 	P1	106.18300 	48.89700 	870.10000 	0.32700 	0.04100 	8.03300 	317.67400 	2.10600 	311.64150 	1.92642 	0.33241 	319.85624 	2.12050 	0.32504 	0.32504 	123.74000 	7.55914 	30.32700 	2.98200 	0.18600 	1.63700 	9.00000 	0.20000 	12.00000 	0.72803 	-0.28503 	0.79836 	14.00000 	0.25581 	18.00000 	6159.00000 	0.83293 	12123.00000 	423.00000 	1.01054 	636.00000 	1.00000 	0.00000 	3.00000 	0.00000 	2.00000 	0.71429 	1.00000 	0.20000 	2.00000 	0.00000 	7.00000 	0.20000 	2.00000 	0.12500 	2.00000 	0.28571 	3.00000 	0.50000 	20.00000 	1.18182 	69.00000 	0.59278 	184.00000 	0.95620 
S5 	P2	106.18300 	48.89700 	870.10000 	0.32700 	0.04100 	8.03300 	317.67400 	2.10600 	311.64150 	1.92642 	0.33241 	319.85624 	2.12050 	0.32504 	0.32504 	129.68000 	7.40646 	18.45700 	1.64800 	0.13400 	0.58200 	10.00000 	0.20000 	12.00000 	0.09764 	-0.28503 	0.79836 	15.00000 	0.25581 	18.00000 	6591.00000 	0.83293 	12123.00000 	161.00000 	1.01054 	636.00000 	1.00000 	0.00000 	3.00000 	0.00000 	2.00000 	0.71429 	2.00000 	0.20000 	2.00000 	0.00000 	7.00000 	0.20000 	3.00000 	0.12500 	3.00000 	0.28571 	2.00000 	0.50000 	5.00000 	1.18182 	54.00000 	0.59278 	84.00000 	0.95620 
S5 	P3	106.18300 	48.89700 	870.10000 	0.32700 	0.04100 	8.03300 	317.67400 	2.10600 	311.64150 	1.92642 	0.33241 	319.85624 	2.12050 	0.32504 	0.32504 	120.83000 	7.25649 	17.41700 	1.47800 	0.12100 	0.40600 	11.00000 	0.20000 	12.00000 	0.75392 	-0.28503 	0.79836 	14.00000 	0.25581 	18.00000 	7092.00000 	0.83293 	12123.00000 	365.00000 	1.01054 	636.00000 	1.00000 	0.00000 	3.00000 	0.00000 	3.00000 	0.71429 	2.00000 	0.20000 	2.00000 	0.00000 	6.00000 	0.20000 	3.00000 	0.12500 	2.00000 	0.28571 	3.00000 	0.50000 	8.00000 	1.18182 	71.00000 	0.59278 	143.00000 	0.95620 
S6 	P1	106.11200 	48.81000 	1005.00000 	0.46400 	0.04900 	9.46900 	314.27000 	2.13000 	307.93794 	1.95375 	0.50629 	318.68842 	2.12341 	0.48035 	0.48035 	153.92000 	6.54587 	25.85300 	2.14000 	0.16600 	1.14200 	16.00000 	0.66667 	25.00000 	1.29141 	0.09355 	0.39205 	16.00000 	0.28571 	21.00000 	6581.00000 	1.08110 	8117.00000 	538.00000 	0.88406 	780.00000 	2.00000 	0.80000 	3.00000 	-0.10000 	8.00000 	1.05263 	2.00000 	0.28571 	1.00000 	1.25000 	7.00000 	0.20000 	3.00000 	0.12500 	2.00000 	0.50000 	4.00000 	0.36364 	17.00000 	1.47826 	73.00000 	0.81065 	273.00000 	0.80984 
S6 	P2	106.11200 	48.81000 	1005.00000 	0.46400 	0.04900 	9.46900 	314.27000 	2.13000 	307.93794 	1.95375 	0.50629 	318.68842 	2.12341 	0.48035 	0.48035 	153.01000 	6.35956 	18.57000 	1.40500 	0.14100 	0.54800 	11.00000 	0.66667 	25.00000 	0.14958 	0.09355 	0.39205 	18.00000 	0.28571 	21.00000 	2972.00000 	1.08110 	8117.00000 	373.00000 	0.88406 	780.00000 	1.00000 	0.80000 	3.00000 	-0.10000 	2.00000 	1.05263 	3.00000 	0.28571 	2.00000 	1.25000 	6.00000 	0.20000 	3.00000 	0.12500 	5.00000 	0.50000 	4.00000 	0.36364 	3.00000 	1.47826 	60.00000 	0.81065 	189.00000 	0.80984 
S6 	P3	106.11200 	48.81000 	1005.00000 	0.46400 	0.04900 	9.46900 	314.27000 	2.13000 	307.93794 	1.95375 	0.50629 	318.68842 	2.12341 	0.48035 	0.48035 	176.77000 	6.62933 	22.38000 	1.88700 	0.15500 	0.90100 	18.00000 	0.66667 	25.00000 	-0.34456 	0.09355 	0.39205 	15.00000 	0.28571 	21.00000 	2148.00000 	1.08110 	8117.00000 	331.00000 	0.88406 	780.00000 	2.00000 	0.80000 	4.00000 	-0.10000 	9.00000 	1.05263 	2.00000 	0.28571 	1.00000 	1.25000 	7.00000 	0.20000 	2.00000 	0.12500 	3.00000 	0.50000 	3.00000 	0.36364 	3.00000 	1.47826 	36.00000 	0.81065 	148.00000 	0.80984 
S7 	P1	106.07700 	49.70200 	720.70000 	0.37500 	0.04600 	8.17100 	376.99400 	2.22700 	373.52062 	2.01009 	0.39339 	358.49040 	2.44401 	0.38081 	0.38081 	114.63000 	6.39645 	10.80300 	0.73100 	0.11800 	-0.09900 	5.00000 	0.33333 	8.00000 	0.19592 	0.24658 	-0.04451 	15.00000 	0.27660 	20.00000 	6111.00000 	0.82694 	9332.00000 	228.00000 	1.27919 	449.00000 	0.00000 	0.00000 	2.00000 	0.00000 	0.00000 	1.25000 	2.00000 	0.20000 	1.00000 	1.00000 	4.00000 	0.28571 	3.00000 	0.50000 	5.00000 	0.28571 	3.00000 	0.36364 	8.00000 	1.60000 	38.00000 	0.75472 	119.00000 	0.92331 
S7 	P2	106.07700 	49.70200 	720.70000 	0.37500 	0.04600 	8.17100 	376.99400 	2.22700 	373.52062 	2.01009 	0.39339 	358.49040 	2.44401 	0.38081 	0.38081 	102.34000 	7.10110 	7.09000 	0.53800 	0.11700 	-0.34100 	6.00000 	0.33333 	8.00000 	-0.22481 	0.24658 	-0.04451 	18.00000 	0.27660 	20.00000 	4111.00000 	0.82694 	9332.00000 	167.00000 	1.27919 	449.00000 	0.00000 	0.00000 	2.00000 	0.00000 	1.00000 	1.25000 	2.00000 	0.20000 	1.00000 	1.00000 	6.00000 	0.28571 	3.00000 	0.50000 	4.00000 	0.28571 	5.00000 	0.36364 	1.00000 	1.60000 	35.00000 	0.75472 	109.00000 	0.92331 
S7 	P3	106.07700 	49.70200 	720.70000 	0.37500 	0.04600 	8.17100 	376.99400 	2.22700 	373.52062 	2.01009 	0.39339 	358.49040 	2.44401 	0.38081 	0.38081 	113.72000 	6.56097 	9.12300 	0.70100 	0.11900 	-0.17100 	7.00000 	0.33333 	8.00000 	-0.18031 	0.24658 	-0.04451 	14.00000 	0.27660 	20.00000 	5102.00000 	0.82694 	9332.00000 	196.00000 	1.27919 	449.00000 	0.00000 	0.00000 	2.00000 	0.00000 	3.00000 	1.25000 	1.00000 	0.20000 	1.00000 	1.00000 	4.00000 	0.28571 	2.00000 	0.50000 	5.00000 	0.28571 	3.00000 	0.36364 	6.00000 	1.60000 	33.00000 	0.75472 	98.00000 	0.92331 
S8 	P1	106.49700 	48.85600 	883.50000 	0.38000 	0.05400 	7.05000 	312.82600 	2.41600 	308.81716 	2.23833 	0.39421 	318.52442 	2.46725 	0.34796 	0.34796 	54.09000 	7.24824 	17.25000 	1.43200 	0.16200 	0.65800 	13.00000 	0.55556 	14.00000 	-0.51927 	-0.05579 	-0.33932 	17.00000 	0.29412 	22.00000 	2447.00000 	0.84902 	7830.00000 	209.00000 	1.08405 	405.00000 	1.00000 	2.00000 	2.00000 	0.20000 	5.00000 	0.50000 	2.00000 	0.80000 	3.00000 	0.50000 	7.00000 	0.09091 	3.00000 	0.50000 	3.00000 	0.50000 	4.00000 	0.33333 	3.00000 	2.00000 	54.00000 	0.74820 	139.00000 	0.93860 
S8 	P2	106.49700 	48.85600 	883.50000 	0.38000 	0.05400 	7.05000 	312.82600 	2.41600 	308.81716 	2.23833 	0.39421 	318.52442 	2.46725 	0.34796 	0.34796 	51.50000 	7.34782 	15.00000 	1.05700 	0.20700 	0.74900 	10.00000 	0.55556 	14.00000 	0.08827 	-0.05579 	-0.33932 	18.00000 	0.29412 	22.00000 	5403.00000 	0.84902 	7830.00000 	179.00000 	1.08405 	405.00000 	2.00000 	2.00000 	2.00000 	0.20000 	2.00000 	0.50000 	2.00000 	0.80000 	2.00000 	0.50000 	7.00000 	0.09091 	5.00000 	0.50000 	3.00000 	0.50000 	3.00000 	0.33333 	8.00000 	2.00000 	40.00000 	0.74820 	95.00000 	0.93860 
S8 	P3	106.49700 	48.85600 	883.50000 	0.38000 	0.05400 	7.05000 	312.82600 	2.41600 	308.81716 	2.23833 	0.39421 	318.52442 	2.46725 	0.34796 	0.34796 	61.52000 	7.40646 	12.86300 	1.07900 	0.18400 	0.53200 	4.00000 	0.55556 	14.00000 	-0.10895 	-0.05579 	-0.33932 	16.00000 	0.29412 	22.00000 	4854.00000 	0.84902 	7830.00000 	195.00000 	1.08405 	405.00000 	0.00000 	2.00000 	1.00000 	0.20000 	1.00000 	0.50000 	1.00000 	0.80000 	1.00000 	0.50000 	8.00000 	0.09091 	2.00000 	0.50000 	4.00000 	0.50000 	2.00000 	0.33333 	3.00000 	2.00000 	45.00000 	0.74820 	108.00000 	0.93860 
S9 	P1	106.71900 	48.21100 	1194.00000 	0.42000 	0.05900 	7.07300 	275.51700 	0.77900 	271.89992 	0.65717 	0.35199 	298.32072 	0.78250 	0.38501 	0.38501 	139.04000 	7.09300 	27.00300 	2.57900 	0.18400 	1.42400 	4.00000 	0.80000 	9.00000 	0.39772 	0.12953 	-0.21104 	16.00000 	0.29412 	22.00000 	4696.00000 	1.04411 	6689.00000 	375.00000 	0.95197 	596.00000 	0.00000 	2.00000 	0.00000 	0.00000 	2.00000 	1.00000 	2.00000 	0.28571 	0.00000 	0.00000 	8.00000 	0.30435 	3.00000 	0.00000 	2.00000 	0.50000 	3.00000 	0.36364 	5.00000 	1.11765 	66.00000 	0.72785 	224.00000 	0.82804 
S9 	P2	106.71900 	48.21100 	1194.00000 	0.42000 	0.05900 	7.07300 	275.51700 	0.77900 	271.89992 	0.65717 	0.35199 	298.32072 	0.78250 	0.38501 	0.38501 	107.99000 	7.18252 	27.76300 	2.28200 	0.15300 	1.14700 	6.00000 	0.80000 	9.00000 	-0.46028 	0.12953 	-0.21104 	17.00000 	0.29412 	22.00000 	2512.00000 	1.04411 	6689.00000 	224.00000 	0.95197 	596.00000 	1.00000 	2.00000 	0.00000 	0.00000 	2.00000 	1.00000 	3.00000 	0.28571 	0.00000 	0.00000 	7.00000 	0.30435 	3.00000 	0.00000 	4.00000 	0.50000 	3.00000 	0.36364 	8.00000 	1.11765 	41.00000 	0.72785 	134.00000 	0.82804 
S9 	P3	106.71900 	48.21100 	1194.00000 	0.42000 	0.05900 	7.07300 	275.51700 	0.77900 	271.89992 	0.65717 	0.35199 	298.32072 	0.78250 	0.38501 	0.38501 	202.66000 	7.10110 	31.73300 	2.71200 	0.19800 	1.65600 	5.00000 	0.80000 	9.00000 	-0.09643 	0.12953 	-0.21104 	18.00000 	0.29412 	22.00000 	2609.00000 	1.04411 	6689.00000 	317.00000 	0.95197 	596.00000 	1.00000 	2.00000 	0.00000 	0.00000 	2.00000 	1.00000 	2.00000 	0.28571 	0.00000 	0.00000 	8.00000 	0.30435 	3.00000 	0.00000 	2.00000 	0.50000 	5.00000 	0.36364 	4.00000 	1.11765 	51.00000 	0.72785 	177.00000 	0.82804 
S10 	P1	106.22400 	48.35700 	1207.00000 	0.45300 	0.05100 	8.81400 	286.88700 	0.86400 	285.35113 	0.72884 	0.46862 	307.54339 	0.78933 	0.43533 	0.43533 	115.77000 	7.24824 	40.12000 	3.85700 	0.20100 	2.16900 	32.00000 	0.70833 	41.00000 	1.04006 	-0.90569 	0.22485 	19.00000 	0.27778 	23.00000 	5735.00000 	0.67101 	8374.00000 	451.00000 	0.85598 	610.00000 	2.00000 	0.71429 	4.00000 	0.66667 	23.00000 	0.85106 	2.00000 	1.50000 	1.00000 	0.00000 	10.00000 	0.22222 	3.00000 	0.20000 	3.00000 	0.33333 	3.00000 	0.50000 	12.00000 	0.55556 	66.00000 	0.72785 	219.00000 	0.72485 
S10 	P2	106.22400 	48.35700 	1207.00000 	0.45300 	0.05100 	8.81400 	286.88700 	0.86400 	285.35113 	0.72884 	0.46862 	307.54339 	0.78933 	0.43533 	0.43533 	93.05000 	6.91690 	40.70300 	3.57200 	0.18200 	1.96900 	22.00000 	0.70833 	41.00000 	0.20660 	-0.90569 	0.22485 	19.00000 	0.27778 	23.00000 	4313.00000 	0.67101 	8374.00000 	275.00000 	0.85598 	610.00000 	3.00000 	0.71429 	4.00000 	0.66667 	12.00000 	0.85106 	2.00000 	1.50000 	1.00000 	0.00000 	10.00000 	0.22222 	4.00000 	0.20000 	3.00000 	0.33333 	2.00000 	0.50000 	8.00000 	0.55556 	41.00000 	0.72785 	126.00000 	0.72485 
S10 	P3	106.22400 	48.35700 	1207.00000 	0.45300 	0.05100 	8.81400 	286.88700 	0.86400 	285.35113 	0.72884 	0.46862 	307.54339 	0.78933 	0.43533 	0.43533 	62.72000 	6.63696 	45.57300 	4.08500 	0.19200 	2.25400 	18.00000 	0.70833 	41.00000 	0.11455 	-0.90569 	0.22485 	16.00000 	0.27778 	23.00000 	4986.00000 	0.67101 	8374.00000 	260.00000 	0.85598 	610.00000 	2.00000 	0.71429 	1.00000 	0.66667 	12.00000 	0.85106 	2.00000 	1.50000 	1.00000 	0.00000 	7.00000 	0.22222 	3.00000 	0.20000 	3.00000 	0.33333 	3.00000 	0.50000 	7.00000 	0.55556 	51.00000 	0.72785 	142.00000 	0.72485 
S11 	P1	107.51900 	47.32100 	1439.00000 	0.29200 	0.04100 	7.20300 	216.81000 	0.54200 	207.95376 	0.45892 	0.26529 	246.06767 	0.52275 	0.27990 	0.27990 	75.01000 	7.94415 	15.71700 	1.49700 	0.08400 	0.11600 	26.00000 	0.40909 	31.00000 	0.92220 	-0.88512 	0.67188 	18.00000 	0.25000 	20.00000 	6169.00000 	0.75508 	11181.00000 	402.00000 	0.78269 	618.00000 	4.00000 	0.50000 	2.00000 	0.00000 	14.00000 	0.63636 	3.00000 	0.00000 	3.00000 	0.50000 	7.00000 	0.28571 	3.00000 	0.12500 	4.00000 	0.09091 	4.00000 	0.50000 	12.00000 	1.03226 	73.00000 	0.39437 	191.00000 	0.74580 
S11 	P2	107.51900 	47.32100 	1439.00000 	0.29200 	0.04100 	7.20300 	216.81000 	0.54200 	207.95376 	0.45892 	0.26529 	246.06767 	0.52275 	0.27990 	0.27990 	70.26000 	7.65381 	15.30000 	1.42900 	0.06800 	-0.02200 	22.00000 	0.40909 	31.00000 	0.75134 	-0.88512 	0.67188 	17.00000 	0.25000 	20.00000 	6874.00000 	0.75508 	11181.00000 	316.00000 	0.78269 	618.00000 	5.00000 	0.50000 	2.00000 	0.00000 	9.00000 	0.63636 	3.00000 	0.00000 	3.00000 	0.50000 	8.00000 	0.28571 	3.00000 	0.12500 	4.00000 	0.09091 	2.00000 	0.50000 	8.00000 	1.03226 	69.00000 	0.39437 	140.00000 	0.74580 
S11 	P3	107.51900 	47.32100 	1439.00000 	0.29200 	0.04100 	7.20300 	216.81000 	0.54200 	207.95376 	0.45892 	0.26529 	246.06767 	0.52275 	0.27990 	0.27990 	75.35000 	7.61927 	12.79300 	1.22000 	0.06100 	-0.22900 	18.00000 	0.40909 	31.00000 	0.34165 	-0.88512 	0.67188 	13.00000 	0.25000 	20.00000 	6069.00000 	0.75508 	11181.00000 	322.00000 	0.78269 	618.00000 	1.00000 	0.50000 	2.00000 	0.00000 	10.00000 	0.63636 	3.00000 	0.00000 	2.00000 	0.50000 	6.00000 	0.28571 	2.00000 	0.12500 	3.00000 	0.09091 	2.00000 	0.50000 	11.00000 	1.03226 	71.00000 	0.39437 	145.00000 	0.74580 
S12 	P1	107.96800 	46.76300 	1273.00000 	0.21400 	0.02900 	7.29100 	191.39900 	2.04700 	178.10370 	2.05025 	0.21443 	220.76828 	1.94092 	0.23814 	0.23814 	35.42000 	7.44015 	16.18000 	1.79600 	0.13400 	0.56300 	8.00000 	0.55172 	15.00000 	-0.19080 	0.27419 	-0.31224 	6.00000 	0.54839 	16.00000 	6396.00000 	0.92609 	9086.00000 	270.00000 	0.94220 	448.00000 	3.00000 	0.20000 	1.00000 	0.00000 	2.00000 	1.00000 	1.00000 	0.50000 	1.00000 	1.00000 	2.00000 	0.60000 	1.00000 	0.20000 	2.00000 	0.50000 	1.00000 	0.80000 	3.00000 	1.08696 	64.00000 	0.61111 	121.00000 	0.76048 
S12 	P2	107.96800 	46.76300 	1273.00000 	0.21400 	0.02900 	7.29100 	191.39900 	2.04700 	178.10370 	2.05025 	0.21443 	220.76828 	1.94092 	0.23814 	0.23814 	76.97000 	7.40646 	14.92300 	1.20200 	0.10300 	0.11300 	10.00000 	0.55172 	15.00000 	-0.65439 	0.27419 	-0.31224 	14.00000 	0.54839 	16.00000 	2443.00000 	0.92609 	9086.00000 	228.00000 	0.94220 	448.00000 	3.00000 	0.20000 	1.00000 	0.00000 	3.00000 	1.00000 	2.00000 	0.50000 	1.00000 	1.00000 	7.00000 	0.60000 	2.00000 	0.20000 	2.00000 	0.50000 	3.00000 	0.80000 	8.00000 	1.08696 	51.00000 	0.61111 	104.00000 	0.76048 
S12 	P3	107.96800 	46.76300 	1273.00000 	0.21400 	0.02900 	7.29100 	191.39900 	2.04700 	178.10370 	2.05025 	0.21443 	220.76828 	1.94092 	0.23814 	0.23814 	89.53000 	7.36453 	14.75000 	1.27200 	0.10500 	0.15000 	11.00000 	0.55172 	15.00000 	-0.33239 	0.27419 	-0.31224 	11.00000 	0.54839 	16.00000 	5313.00000 	0.92609 	9086.00000 	194.00000 	0.94220 	448.00000 	4.00000 	0.20000 	1.00000 	0.00000 	4.00000 	1.00000 	1.00000 	0.50000 	1.00000 	1.00000 	6.00000 	0.60000 	2.00000 	0.20000 	2.00000 	0.50000 	1.00000 	0.80000 	12.00000 	1.08696 	47.00000 	0.61111 	109.00000 	0.76048 
S13 	P1	108.91400 	46.15600 	1323.00000 	0.18500 	0.03700 	5.01100 	173.31400 	2.28300 	161.97631 	2.32008 	0.14539 	204.99986 	2.21642 	0.24401 	0.24401 	116.84000 	8.07933 	5.59700 	0.34000 	0.05800 	-0.87900 	13.00000 	0.42105 	18.00000 	-1.02643 	-0.65573 	-0.85168 	9.00000 	0.32353 	15.00000 	2209.00000 	0.77989 	7542.00000 	227.00000 	0.82196 	365.00000 	2.00000 	0.28571 	1.00000 	0.50000 	6.00000 	0.76471 	1.00000 	0.00000 	3.00000 	0.28600 	5.00000 	0.31250 	2.00000 	0.12500 	2.00000 	0.50000 	0.00000 	0.50000 	6.00000 	1.04000 	58.00000 	0.63087 	102.00000 	0.92491 
S13 	P2	108.91400 	46.15600 	1323.00000 	0.18500 	0.03700 	5.01100 	173.31400 	2.28300 	161.97631 	2.32008 	0.14539 	204.99986 	2.21642 	0.24401 	0.24401 	93.07000 	6.89319 	7.86700 	0.34800 	0.06400 	-0.72500 	12.00000 	0.42105 	18.00000 	-0.15135 	-0.65573 	-0.85168 	14.00000 	0.32353 	15.00000 	5069.00000 	0.77989 	7542.00000 	208.00000 	0.82196 	365.00000 	3.00000 	0.28571 	1.00000 	0.50000 	5.00000 	0.76471 	1.00000 	0.00000 	2.00000 	0.28600 	6.00000 	0.31250 	3.00000 	0.12500 	4.00000 	0.50000 	1.00000 	0.50000 	10.00000 	1.04000 	56.00000 	0.63087 	115.00000 	0.92491 
S13 	P3	108.91400 	46.15600 	1323.00000 	0.18500 	0.03700 	5.01100 	173.31400 	2.28300 	161.97631 	2.32008 	0.14539 	204.99986 	2.21642 	0.24401 	0.24401 	79.20000 	7.03655 	6.06700 	0.42400 	0.05800 	-0.82300 	13.00000 	0.42105 	18.00000 	-0.39053 	-0.65573 	-0.85168 	11.00000 	0.32353 	15.00000 	5434.00000 	0.77989 	7542.00000 	166.00000 	0.82196 	365.00000 	2.00000 	0.28571 	2.00000 	0.50000 	6.00000 	0.76471 	1.00000 	0.00000 	2.00000 	0.28600 	5.00000 	0.31250 	3.00000 	0.12500 	2.00000 	0.50000 	1.00000 	0.50000 	9.00000 	1.04000 	35.00000 	0.63087 	76.00000 	0.92491 
S14 	P1	109.13000 	45.80000 	1092.00000 	0.17700 	0.03400 	5.14900 	146.47700 	3.95400 	135.66359 	4.01175 	0.17322 	171.19347 	3.88592 	0.18390 	0.18390 	49.92000 	7.62789 	4.16000 	0.21400 	0.05800 	-1.00200 	10.00000 	0.56000 	13.00000 	-0.64303 	0.44704 	-0.62833 	14.00000 	0.64516 	17.00000 	2580.00000 	1.06700 	7929.00000 	222.00000 	0.77864 	383.00000 	5.00000 	0.90909 	1.00000 	0.00000 	2.00000 	0.20000 	1.00000 	0.00000 	1.00000 	0.00000 	7.00000 	0.33333 	2.00000 	0.80000 	3.00000 	0.80000 	2.00000 	2.00000 	3.00000 	1.75000 	56.00000 	0.40000 	111.00000 	0.71910 
S14 	P2	109.13000 	45.80000 	1092.00000 	0.17700 	0.03400 	5.14900 	146.47700 	3.95400 	135.66359 	4.01175 	0.17322 	171.19347 	3.88592 	0.18390 	0.18390 	44.68000 	7.69719 	5.35700 	0.30400 	0.06400 	-0.86100 	10.00000 	0.56000 	13.00000 	-0.06857 	0.44704 	-0.62833 	9.00000 	0.64516 	17.00000 	6648.00000 	1.06700 	7929.00000 	229.00000 	0.77864 	383.00000 	5.00000 	0.90909 	1.00000 	0.00000 	2.00000 	0.20000 	1.00000 	0.00000 	1.00000 	0.00000 	7.00000 	0.33333 	1.00000 	0.80000 	0.00000 	0.80000 	1.00000 	2.00000 	5.00000 	1.75000 	57.00000 	0.40000 	126.00000 	0.71910 
S14 	P3	109.13000 	45.80000 	1092.00000 	0.17700 	0.03400 	5.14900 	146.47700 	3.95400 	135.66359 	4.01175 	0.17322 	171.19347 	3.88592 	0.18390 	0.18390 	41.84000 	7.51645 	5.55300 	0.18200 	0.08600 	-0.75400 	5.00000 	0.56000 	13.00000 	-1.17107 	0.44704 	-0.62833 	8.00000 	0.64516 	17.00000 	2280.00000 	1.06700 	7929.00000 	195.00000 	0.77864 	383.00000 	1.00000 	0.90909 	1.00000 	0.00000 	1.00000 	0.20000 	1.00000 	0.00000 	1.00000 	0.00000 	4.00000 	0.33333 	2.00000 	0.80000 	2.00000 	0.80000 	0.00000 	2.00000 	4.00000 	1.75000 	67.00000 	0.40000 	119.00000 	0.71910 
S15 	P1	109.61800 	45.51200 	987.60000 	0.13700 	0.02800 	4.87000 	129.00100 	4.70600 	119.33683 	4.80708 	0.15253 	147.89713 	4.64891 	0.15946 	0.15946 	41.86000 	7.97103 	3.61700 	0.21600 	0.07900 	-0.89800 	11.00000 	0.35484 	14.00000 	-0.60890 	-0.23830 	-0.65542 	4.00000 	0.50000 	13.00000 	5139.00000 	0.74790 	8824.00000 	263.00000 	0.92929 	382.00000 	4.00000 	0.15385 	1.00000 	2.00000 	2.00000 	1.00000 	1.00000 	0.50000 	3.00000 	0.20000 	3.00000 	0.40000 	1.00000 	0.50000 	0.00000 	1.00000 	0.00000 	0.50000 	4.00000 	1.25000 	57.00000 	0.40625 	146.00000 	0.84012 
S15 	P2	109.61800 	45.51200 	987.60000 	0.13700 	0.02800 	4.87000 	129.00100 	4.70600 	119.33683 	4.80708 	0.15253 	147.89713 	4.64891 	0.15946 	0.15946 	62.12000 	8.58309 	4.92000 	0.19000 	0.08100 	-0.82100 	11.00000 	0.35484 	14.00000 	-0.63219 	-0.23830 	-0.65542 	11.00000 	0.50000 	13.00000 	4293.00000 	0.74790 	8824.00000 	167.00000 	0.92929 	382.00000 	5.00000 	0.15385 	0.00000 	2.00000 	2.00000 	1.00000 	1.00000 	0.50000 	3.00000 	0.20000 	6.00000 	0.40000 	2.00000 	0.50000 	1.00000 	1.00000 	2.00000 	0.50000 	7.00000 	1.25000 	47.00000 	0.40625 	96.00000 	0.84012 
S15 	P3	109.61800 	45.51200 	987.60000 	0.13700 	0.02800 	4.87000 	129.00100 	4.70600 	119.33683 	4.80708 	0.15253 	147.89713 	4.64891 	0.15946 	0.15946 	41.73000 	8.40273 	4.57300 	0.15800 	0.08300 	-0.83400 	9.00000 	0.35484 	14.00000 	-0.33671 	-0.23830 	-0.65542 	11.00000 	0.50000 	13.00000 	5713.00000 	0.74790 	8824.00000 	164.00000 	0.92929 	382.00000 	4.00000 	0.15385 	0.00000 	2.00000 	2.00000 	1.00000 	0.00000 	0.50000 	3.00000 	0.20000 	6.00000 	0.40000 	1.00000 	0.50000 	2.00000 	1.00000 	2.00000 	0.50000 	1.00000 	1.25000 	56.00000 	0.40625 	102.00000 	0.84012 
S16 	P1	109.87300 	45.25000 	905.10000 	0.16800 	0.03500 	4.85100 	121.87400 	5.08600 	114.87976 	5.22617 	0.20832 	134.99004 	5.03134 	0.17817 	0.17817 	54.34000 	7.84631 	3.03700 	0.09300 	0.04500 	-1.20400 	12.00000 	0.81818 	20.00000 	-0.52605 	-0.27407 	-0.85376 	3.00000 	0.80000 	6.00000 	6551.00000 	0.64498 	9741.00000 	211.00000 	0.77619 	373.00000 	7.00000 	0.63636 	0.00000 	0.00000 	3.00000 	2.00000 	0.00000 	1.00000 	2.00000 	1.25000 	2.00000 	0.71429 	0.00000 	0.00000 	0.00000 	2.00000 	1.00000 	0.50000 	4.00000 	2.00000 	47.00000 	0.49091 	129.00000 	0.61473 
S16 	P2	109.87300 	45.25000 	905.10000 	0.16800 	0.03500 	4.85100 	121.87400 	5.08600 	114.87976 	5.22617 	0.20832 	134.99004 	5.03134 	0.17817 	0.17817 	49.24000 	7.42329 	3.05700 	0.07100 	0.04400 	-1.21600 	12.00000 	0.81818 	20.00000 	-0.89561 	-0.27407 	-0.85376 	2.00000 	0.80000 	6.00000 	5195.00000 	0.64498 	9741.00000 	206.00000 	0.77619 	373.00000 	8.00000 	0.63636 	0.00000 	0.00000 	1.00000 	2.00000 	2.00000 	1.00000 	1.00000 	1.25000 	1.00000 	0.71429 	0.00000 	0.00000 	0.00000 	2.00000 	1.00000 	0.50000 	4.00000 	2.00000 	58.00000 	0.49091 	110.00000 	0.61473 
S16 	P3	109.87300 	45.25000 	905.10000 	0.16800 	0.03500 	4.85100 	121.87400 	5.08600 	114.87976 	5.22617 	0.20832 	134.99004 	5.03134 	0.17817 	0.17817 	45.32000 	7.57628 	2.71300 	0.12000 	0.05100 	-1.17100 	9.00000 	0.81818 	20.00000 	-0.50658 	-0.27407 	-0.85376 	5.00000 	0.80000 	6.00000 	6019.00000 	0.64498 	9741.00000 	213.00000 	0.77619 	373.00000 	7.00000 	0.63636 	0.00000 	0.00000 	0.00000 	2.00000 	1.00000 	1.00000 	1.00000 	1.25000 	4.00000 	0.71429 	0.00000 	0.00000 	1.00000 	2.00000 	0.00000 	0.50000 	1.00000 	2.00000 	60.00000 	0.49091 	114.00000 	0.61473 
S17 	P1	111.82900 	43.75300 	960.30000 	0.14700 	0.02100 	7.15500 	149.74600 	5.82700 	156.69127 	6.00417 	0.14947 	129.82141 	5.87933 	0.12294 	0.12294 	4.55000 	7.41487 	1.78300 	0.04900 	0.02900 	-1.40700 	6.00000 	0.73684 	11.00000 	-1.08766 	1.20896 	-1.57430 	1.00000 	1.00000 	6.00000 	5199.00000 	0.91595 	6755.00000 	163.00000 	1.07203 	326.00000 	1.00000 	1.14286 	2.00000 	0.50000 	1.00000 	1.00000 	0.00000 	0.00000 	2.00000 	0.20000 	1.00000 	0.71429 	0.00000 	2.00000 	0.00000 	0.00000 	0.00000 	0.00000 	0.00000 	1.25000 	38.00000 	0.61321 	105.00000 	0.89420 
S17 	P2	111.82900 	43.75300 	960.30000 	0.14700 	0.02100 	7.15500 	149.74600 	5.82700 	156.69127 	6.00417 	0.14947 	129.82141 	5.87933 	0.12294 	0.12294 	8.62000 	7.00447 	1.49000 	0.03700 	0.02200 	-1.48000 	6.00000 	0.73684 	11.00000 	-1.46251 	1.20896 	-1.57430 	3.00000 	1.00000 	6.00000 	2674.00000 	0.91595 	6755.00000 	176.00000 	1.07203 	326.00000 	4.00000 	1.14286 	0.00000 	0.50000 	1.00000 	1.00000 	0.00000 	0.00000 	1.00000 	0.20000 	3.00000 	0.71429 	0.00000 	2.00000 	0.00000 	0.00000 	0.00000 	0.00000 	2.00000 	1.25000 	34.00000 	0.61321 	96.00000 	0.89420 
S17 	P3	111.82900 	43.75300 	960.30000 	0.14700 	0.02100 	7.15500 	149.74600 	5.82700 	156.69127 	6.00417 	0.14947 	129.82141 	5.87933 	0.12294 	0.12294 	9.73000 	7.10921 	1.78300 	0.12100 	0.02200 	-1.42200 	7.00000 	0.73684 	11.00000 	-1.45766 	1.20896 	-1.57430 	5.00000 	1.00000 	6.00000 	2704.00000 	0.91595 	6755.00000 	133.00000 	1.07203 	326.00000 	2.00000 	1.14286 	2.00000 	0.50000 	1.00000 	1.00000 	0.00000 	0.00000 	2.00000 	0.20000 	3.00000 	0.71429 	2.00000 	2.00000 	0.00000 	0.00000 	0.00000 	0.00000 	2.00000 	1.25000 	34.00000 	0.61321 	92.00000 	0.89420 
S18 	P1	111.18600 	44.08300 	1147.00000 	0.11900 	0.01900 	6.17400 	149.51900 	4.65300 	151.79820 	4.82825 	0.11113 	138.77224 	4.67450 	0.10774 	0.10774 	9.89000 	7.84631 	4.30700 	0.18200 	0.06900 	-0.93400 	10.00000 	0.65517 	16.00000 	-0.14141 	-0.70473 	-0.36617 	4.00000 	0.71429 	8.00000 	6871.00000 	0.58398 	10694.00000 	295.00000 	0.70696 	466.00000 	4.00000 	0.71429 	2.00000 	0.20000 	2.00000 	0.80000 	1.00000 	0.00000 	1.00000 	2.00000 	3.00000 	0.87500 	1.00000 	0.20000 	0.00000 	2.00000 	0.00000 	0.00000 	0.00000 	1.76923 	52.00000 	0.66667 	123.00000 	0.58612 
S18 	P2	111.18600 	44.08300 	1147.00000 	0.11900 	0.01900 	6.17400 	149.51900 	4.65300 	151.79820 	4.82825 	0.11113 	138.77224 	4.67450 	0.10774 	0.10774 	9.61000 	8.07933 	5.41300 	0.33100 	0.08000 	-0.74400 	11.00000 	0.65517 	16.00000 	-0.25272 	-0.70473 	-0.36617 	4.00000 	0.71429 	8.00000 	6576.00000 	0.58398 	10694.00000 	279.00000 	0.70696 	466.00000 	5.00000 	0.71429 	1.00000 	0.20000 	3.00000 	0.80000 	1.00000 	0.00000 	1.00000 	2.00000 	2.00000 	0.87500 	2.00000 	0.20000 	0.00000 	2.00000 	0.00000 	0.00000 	9.00000 	1.76923 	54.00000 	0.66667 	150.00000 	0.58612 
S18 	P3	111.18600 	44.08300 	1147.00000 	0.11900 	0.01900 	6.17400 	149.51900 	4.65300 	151.79820 	4.82825 	0.11113 	138.77224 	4.67450 	0.10774 	0.10774 	8.53000 	8.38394 	4.30700 	0.35300 	0.07700 	-0.81300 	8.00000 	0.65517 	16.00000 	-0.17774 	-0.70473 	-0.36617 	6.00000 	0.71429 	8.00000 	6807.00000 	0.58398 	10694.00000 	245.00000 	0.70696 	466.00000 	5.00000 	0.71429 	2.00000 	0.20000 	0.00000 	0.80000 	1.00000 	0.00000 	0.00000 	2.00000 	3.00000 	0.87500 	2.00000 	0.20000 	1.00000 	2.00000 	0.00000 	0.00000 	4.00000 	1.76923 	56.00000 	0.66667 	145.00000 	0.58612 
S19 	P1	110.72800 	44.49900 	963.40000 	0.13300 	0.01900 	7.13100 	133.01100 	5.19000 	131.38990 	5.38333 	0.13071 	132.55187 	5.18242 	0.11841 	0.11841 	9.83000 	7.84631 	3.77700 	0.28100 	0.05400 	-1.02200 	7.00000 	0.95000 	13.00000 	-1.04289 	0.03265 	-0.89032 	1.00000 	1.00000 	4.00000 	3139.00000 	0.71207 	8408.00000 	325.00000 	0.69725 	555.00000 	5.00000 	0.50000 	1.00000 	2.00000 	1.00000 	1.00000 	0.00000 	0.00000 	0.00000 	1.40000 	1.00000 	2.00000 	0.00000 	2.00000 	0.00000 	2.00000 	0.00000 	0.00000 	15.00000 	1.04878 	64.00000 	0.98333 	147.00000 	1.11417 
S19 	P2	110.72800 	44.49900 	963.40000 	0.13300 	0.01900 	7.13100 	133.01100 	5.19000 	131.38990 	5.38333 	0.13071 	132.55187 	5.18242 	0.11841 	0.11841 	34.54000 	8.09750 	7.26000 	0.27800 	0.05000 	-0.87200 	7.00000 	0.95000 	13.00000 	-0.61928 	0.03265 	-0.89032 	4.00000 	1.00000 	4.00000 	6281.00000 	0.71207 	8408.00000 	178.00000 	0.69725 	555.00000 	3.00000 	0.50000 	1.00000 	2.00000 	1.00000 	1.00000 	0.00000 	0.00000 	2.00000 	1.40000 	2.00000 	2.00000 	1.00000 	2.00000 	1.00000 	2.00000 	0.00000 	0.00000 	6.00000 	1.04878 	39.00000 	0.98333 	106.00000 	1.11417 
S19 	P3	110.72800 	44.49900 	963.40000 	0.13300 	0.01900 	7.13100 	133.01100 	5.19000 	131.38990 	5.38333 	0.13071 	132.55187 	5.18242 	0.11841 	0.11841 	41.55000 	7.93521 	5.87000 	0.56200 	0.07000 	-0.69900 	6.00000 	0.95000 	13.00000 	-0.11726 	0.03265 	-0.89032 	1.00000 	1.00000 	4.00000 	5313.00000 	0.71207 	8408.00000 	478.00000 	0.69725 	555.00000 	2.00000 	0.50000 	0.00000 	2.00000 	1.00000 	1.00000 	0.00000 	0.00000 	3.00000 	1.40000 	0.00000 	2.00000 	0.00000 	2.00000 	1.00000 	2.00000 	0.00000 	0.00000 	20.00000 	1.04878 	77.00000 	0.98333 	255.00000 	1.11417 
S20 	P1	116.55500 	43.53900 	1180.00000 	0.34600 	0.06100 	5.68100 	305.90400 	2.73900 	305.09995 	2.81983 	0.29756 	279.99697 	2.75025 	0.38051 	0.29756 	93.28000 	8.11572 	12.38500 	1.45100 	0.06500 	-0.13200 	9.00000 	0.68000 	14.00000 	1.26454 	-0.10157 	1.47827 	18.00000 	0.73333 	26.00000 	6183.00000 	0.76797 	11569.00000 	515.00000 	0.78233 	827.00000 	1.00000 	1.00000 	1.00000 	0.50000 	4.00000 	1.00000 	2.00000 	0.50000 	1.00000 	2.00000 	9.00000 	0.56522 	2.00000 	0.80000 	4.00000 	1.18182 	3.00000 	1.50000 	10.00000 	1.11765 	46.00000 	0.60773 	161.00000 	0.67895 
S20 	P2	116.55500 	43.53900 	1180.00000 	0.34600 	0.06100 	5.68100 	305.90400 	2.73900 	305.09995 	2.81983 	0.29756 	279.99697 	2.75025 	0.38051 	0.29756 	134.52000 	8.12484 	13.73100 	1.49100 	0.06800 	-0.05500 	10.00000 	0.68000 	14.00000 	1.06306 	-0.10157 	1.47827 	15.00000 	0.73333 	26.00000 	7410.00000 	0.76797 	11569.00000 	424.00000 	0.78233 	827.00000 	1.00000 	1.00000 	2.00000 	0.50000 	4.00000 	1.00000 	3.00000 	0.50000 	0.00000 	2.00000 	10.00000 	0.56522 	1.00000 	0.80000 	3.00000 	1.18182 	1.00000 	1.50000 	12.00000 	1.11765 	59.00000 	0.60773 	180.00000 	0.67895 
S20 	P3	116.55500 	43.53900 	1180.00000 	0.34600 	0.06100 	5.68100 	305.90400 	2.73900 	305.09995 	2.81983 	0.29756 	279.99697 	2.75025 	0.38051 	0.29756 	126.07000 	7.39805 	16.13200 	1.94700 	0.07400 	0.21700 	6.00000 	0.68000 	14.00000 	0.66463 	-0.10157 	1.47827 	12.00000 	0.73333 	26.00000 	6038.00000 	0.76797 	11569.00000 	453.00000 	0.78233 	827.00000 	1.00000 	1.00000 	3.00000 	0.50000 	1.00000 	1.00000 	1.00000 	0.50000 	0.00000 	2.00000 	4.00000 	0.56522 	2.00000 	0.80000 	4.00000 	1.18182 	2.00000 	1.50000 	12.00000 	1.11765 	76.00000 	0.60773 	229.00000 	0.67895 
S21 	P1	104.71200 	39.65100 	1268.00000 	0.11600 	0.01900 	6.06400 	148.64300 	9.21100 	134.14645 	9.88767 	0.10914 	128.42484 	9.19200 	0.10936 	0.10914 	5.14000 	8.86507 	1.99400 	0.25300 	0.07600 	-1.00100 	5.00000 	1.00000 	12.00000 	-1.49095 	1.00454 	-1.32639 	7.00000 	0.69565 	13.00000 	2178.00000 	0.75203 	6128.00000 	117.00000 	1.42506 	329.00000 	0.00000 	2.00000 	0.00000 	3.50000 	2.00000 	3.80000 	0.00000 	0.00000 	3.00000 	0.33333 	3.00000 	1.18182 	1.00000 	0.00000 	1.00000 	0.50000 	2.00000 	0.50000 	3.00000 	1.66667 	36.00000 	0.86316 	67.00000 	1.30387 
S21 	P2	104.71200 	39.65100 	1268.00000 	0.11600 	0.01900 	6.06400 	148.64300 	9.21100 	134.14645 	9.88767 	0.10914 	128.42484 	9.19200 	0.10936 	0.10914 	7.73000 	8.71820 	1.69000 	0.22700 	0.06000 	-1.13800 	7.00000 	1.00000 	12.00000 	-0.82059 	1.00454 	-1.32639 	10.00000 	0.69565 	13.00000 	4216.00000 	0.75203 	6128.00000 	131.00000 	1.42506 	329.00000 	1.00000 	2.00000 	1.00000 	3.50000 	2.00000 	3.80000 	0.00000 	0.00000 	3.00000 	0.33333 	6.00000 	1.18182 	2.00000 	0.00000 	1.00000 	0.50000 	1.00000 	0.50000 	1.00000 	1.66667 	23.00000 	0.86316 	34.00000 	1.30387 
S21 	P3	104.71200 	39.65100 	1268.00000 	0.11600 	0.01900 	6.06400 	148.64300 	9.21100 	134.14645 	9.88767 	0.10914 	128.42484 	9.19200 	0.10936 	0.10914 	8.59000 	8.79625 	1.34400 	0.20700 	0.06100 	-1.16400 	6.00000 	1.00000 	12.00000 	-1.01668 	1.00454 	-1.32639 	6.00000 	0.69565 	13.00000 	4099.00000 	0.75203 	6128.00000 	159.00000 	1.42506 	329.00000 	1.00000 	2.00000 	1.00000 	3.50000 	1.00000 	3.80000 	0.00000 	0.00000 	3.00000 	0.33333 	2.00000 	1.18182 	3.00000 	0.00000 	0.00000 	0.50000 	1.00000 	0.50000 	5.00000 	1.66667 	36.00000 	0.86316 	80.00000 	1.30387 
S22 	P1	112.37200 	42.20500 	1302.00000 	0.23500 	0.03900 	5.97700 	252.38600 	5.09800 	283.78564 	5.42258 	0.27033 	190.54526 	4.93700 	0.24515 	0.27033 	118.19000 	8.52576 	7.21900 	0.69700 	0.05100 	-0.70700 	13.00000 	0.54286 	18.00000 	0.18414 	-0.45003 	0.25523 	11.00000 	0.50000 	19.00000 	5201.00000 	0.71493 	9862.00000 	374.00000 	0.85161 	574.00000 	1.00000 	0.80000 	2.00000 	0.80000 	6.00000 	0.28571 	1.00000 	2.00000 	3.00000 	0.00000 	7.00000 	0.50000 	1.00000 	0.80000 	3.00000 	0.50000 	0.00000 	0.80000 	8.00000 	1.11765 	77.00000 	0.55000 	178.00000 	0.76703 
S22 	P2	112.37200 	42.20500 	1302.00000 	0.23500 	0.03900 	5.97700 	252.38600 	5.09800 	283.78564 	5.42258 	0.27033 	190.54526 	4.93700 	0.24515 	0.27033 	85.39000 	8.41214 	5.43100 	0.64200 	0.04500 	-0.85500 	9.00000 	0.54286 	18.00000 	0.47961 	-0.45003 	0.25523 	17.00000 	0.50000 	19.00000 	6279.00000 	0.71493 	9862.00000 	268.00000 	0.85161 	574.00000 	2.00000 	0.80000 	0.00000 	0.80000 	4.00000 	0.28571 	0.00000 	2.00000 	3.00000 	0.00000 	9.00000 	0.50000 	2.00000 	0.80000 	3.00000 	0.50000 	3.00000 	0.80000 	8.00000 	1.11765 	58.00000 	0.55000 	147.00000 	0.76703 
S22 	P3	112.37200 	42.20500 	1302.00000 	0.23500 	0.03900 	5.97700 	252.38600 	5.09800 	283.78564 	5.42258 	0.27033 	190.54526 	4.93700 	0.24515 	0.27033 	79.28000 	8.44986 	5.01900 	0.62100 	0.03400 	-0.95600 	13.00000 	0.54286 	18.00000 	-0.01545 	-0.45003 	0.25523 	10.00000 	0.50000 	19.00000 	5772.00000 	0.71493 	9862.00000 	288.00000 	0.85161 	574.00000 	2.00000 	0.80000 	3.00000 	0.80000 	4.00000 	0.28571 	1.00000 	2.00000 	3.00000 	0.00000 	4.00000 	0.50000 	2.00000 	0.80000 	2.00000 	0.50000 	2.00000 	0.80000 	1.00000 	1.11765 	45.00000 	0.55000 	130.00000 	0.76703 
S23 	P1	120.00300 	49.93000 	719.10000 	0.54400 	0.04500 	12.04800 	370.68100 	-0.53100 	341.87667 	-0.57434 	0.54438 	397.89187 	-0.30950 	0.50239 	0.54438 	142.86000 	6.85382 	47.23900 	3.73000 	0.19800 	2.22000 	30.00000 	0.80822 	44.00000 	0.43929 	0.15589 	0.80701 	20.00000 	0.69091 	31.00000 	2944.00000 	0.89409 	6981.00000 	429.00000 	0.80816 	842.00000 	3.00000 	0.12500 	6.00000 	0.20000 	17.00000 	1.26829 	3.00000 	0.50000 	1.00000 	0.00000 	9.00000 	0.50000 	5.00000 	0.61538 	2.00000 	0.87500 	4.00000 	1.10000 	11.00000 	0.95000 	84.00000 	0.69500 	274.00000 	0.63594 
S23 	P2	120.00300 	49.93000 	719.10000 	0.54400 	0.04500 	12.04800 	370.68100 	-0.53100 	341.87667 	-0.57434 	0.54438 	397.89187 	-0.30950 	0.50239 	0.54438 	301.54000 	6.58369 	53.29900 	4.18600 	0.19700 	2.42400 	23.00000 	0.80822 	44.00000 	0.74863 	0.15589 	0.80701 	17.00000 	0.69091 	31.00000 	5741.00000 	0.89409 	6981.00000 	396.00000 	0.80816 	842.00000 	3.00000 	0.12500 	4.00000 	0.20000 	13.00000 	1.26829 	2.00000 	0.50000 	1.00000 	0.00000 	9.00000 	0.50000 	4.00000 	0.61538 	1.00000 	0.87500 	3.00000 	1.10000 	4.00000 	0.95000 	51.00000 	0.69500 	169.00000 	0.63594 
S23 	P3	120.00300 	49.93000 	719.10000 	0.54400 	0.04500 	12.04800 	370.68100 	-0.53100 	341.87667 	-0.57434 	0.54438 	397.89187 	-0.30950 	0.50239 	0.54438 	135.42000 	6.46332 	65.11000 	4.85000 	0.23700 	3.00000 	20.00000 	0.80822 	44.00000 	0.61852 	0.15589 	0.80701 	18.00000 	0.69091 	31.00000 	2372.00000 	0.89409 	6981.00000 	572.00000 	0.80816 	842.00000 	2.00000 	0.12500 	5.00000 	0.20000 	11.00000 	1.26829 	1.00000 	0.50000 	1.00000 	0.00000 	6.00000 	0.50000 	4.00000 	0.61538 	5.00000 	0.87500 	3.00000 	1.10000 	5.00000 	0.95000 	65.00000 	0.69500 	208.00000 	0.63594 
S24 	P1	119.66600 	49.53300 	719.10000 	0.46900 	0.05700 	8.24500 	342.88000 	0.36500 	312.24027 	0.38400 	0.50087 	373.96977 	0.44067 	0.47735 	0.50087 	99.75000 	6.95659 	31.09900 	2.74000 	0.11400 	1.10500 	27.00000 	0.38462 	36.00000 	0.73187 	-0.53465 	0.32048 	20.00000 	0.26923 	22.00000 	5933.00000 	0.63902 	9603.00000 	313.00000 	1.10000 	553.00000 	2.00000 	0.71429 	4.00000 	0.63636 	16.00000 	1.08163 	4.00000 	0.33333 	1.00000 	0.50000 	11.00000 	0.15385 	3.00000 	0.50000 	4.00000 	0.25000 	2.00000 	0.50000 	1.00000 	1.25000 	58.00000 	0.81395 	181.00000 	0.99525 
S24 	P2	119.66600 	49.53300 	719.10000 	0.46900 	0.05700 	8.24500 	342.88000 	0.36500 	312.24027 	0.38400 	0.50087 	373.96977 	0.44067 	0.47735 	0.50087 	137.88000 	6.95659 	26.74500 	3.13300 	0.13300 	1.26000 	23.00000 	0.38462 	36.00000 	0.40197 	-0.53465 	0.32048 	20.00000 	0.26923 	22.00000 	5893.00000 	0.63902 	9603.00000 	206.00000 	1.10000 	553.00000 	1.00000 	0.71429 	3.00000 	0.63636 	16.00000 	1.08163 	2.00000 	0.33333 	1.00000 	0.50000 	9.00000 	0.15385 	4.00000 	0.50000 	5.00000 	0.25000 	2.00000 	0.50000 	2.00000 	1.25000 	40.00000 	0.81395 	122.00000 	0.99525 
S24 	P3	119.66600 	49.53300 	719.10000 	0.46900 	0.05700 	8.24500 	342.88000 	0.36500 	312.24027 	0.38400 	0.50087 	373.96977 	0.44067 	0.47735 	0.50087 	171.21000 	6.73689 	34.39100 	3.09300 	0.14300 	1.46600 	28.00000 	0.38462 	36.00000 	0.05654 	-0.53465 	0.32048 	12.00000 	0.26923 	22.00000 	5751.00000 	0.63902 	9603.00000 	271.00000 	1.10000 	553.00000 	4.00000 	0.71429 	4.00000 	0.63636 	17.00000 	1.08163 	3.00000 	0.33333 	0.00000 	0.50000 	6.00000 	0.15385 	1.00000 	0.50000 	3.00000 	0.25000 	2.00000 	0.50000 	1.00000 	1.25000 	31.00000 	0.81395 	118.00000 	0.99525 
S25 	P1	111.54500 	40.95100 	792.00000 	0.51300 	0.07600 	6.71600 	332.26900 	4.03200 	367.47212 	4.59384 	0.53344 	241.91221 	3.95666 	0.44253 	0.53344 	177.69000 	7.00447 	29.23700 	2.29300 	0.10700 	0.87600 	17.00000 	0.47368 	28.00000 	0.04858 	-0.01156 	-0.59061 	15.00000 	0.36364 	20.00000 	2763.00000 	1.07888 	5543.00000 	418.00000 	0.76829 	580.00000 	2.00000 	1.00000 	1.00000 	0.50000 	11.00000 	0.42105 	1.00000 	0.50000 	2.00000 	0.28600 	6.00000 	0.33333 	3.00000 	0.20000 	3.00000 	0.20000 	3.00000 	1.00000 	8.00000 	1.10000 	57.00000 	0.65306 	215.00000 	0.74580 
S25 	P2	111.54500 	40.95100 	792.00000 	0.51300 	0.07600 	6.71600 	332.26900 	4.03200 	367.47212 	4.59384 	0.53344 	241.91221 	3.95666 	0.44253 	0.53344 	160.12000 	7.24824 	38.76700 	3.14500 	0.14200 	1.55000 	23.00000 	0.47368 	28.00000 	-0.32614 	-0.01156 	-0.59061 	12.00000 	0.36364 	20.00000 	2790.00000 	1.07888 	5543.00000 	355.00000 	0.76829 	580.00000 	3.00000 	1.00000 	1.00000 	0.50000 	15.00000 	0.42105 	1.00000 	0.50000 	3.00000 	0.28600 	5.00000 	0.33333 	3.00000 	0.20000 	3.00000 	0.20000 	1.00000 	1.00000 	8.00000 	1.10000 	55.00000 	0.65306 	160.00000 	0.74580 
S25 	P3	111.54500 	40.95100 	792.00000 	0.51300 	0.07600 	6.71600 	332.26900 	4.03200 	367.47212 	4.59384 	0.53344 	241.91221 	3.95666 	0.44253 	0.53344 	83.63000 	7.21531 	26.95300 	2.12600 	0.11900 	0.85300 	17.00000 	0.47368 	28.00000 	-0.51347 	-0.01156 	-0.59061 	17.00000 	0.36364 	20.00000 	2446.00000 	1.07888 	5543.00000 	211.00000 	0.76829 	580.00000 	1.00000 	1.00000 	0.00000 	0.50000 	12.00000 	0.42105 	0.00000 	0.50000 	4.00000 	0.28600 	7.00000 	0.33333 	4.00000 	0.20000 	4.00000 	0.20000 	2.00000 	1.00000 	4.00000 	1.10000 	35.00000 	0.65306 	101.00000 	0.74580 
S26 	P1	101.88400 	38.90900 	1440.00000 	0.10200 	0.01700 	6.16200 	173.14700 	10.49300 	180.00229 	11.45158 	0.09985 	168.76516 	10.16717 	0.10465 	0.09985 	4.37000 	8.83552 	1.13800 	0.15300 	0.04300 	-1.31800 	8.00000 	0.17391 	9.00000 	-0.89628 	1.02482 	-1.09765 	15.00000 	0.67442 	24.00000 	2530.00000 	1.00306 	4579.00000 	120.00000 	1.15668 	312.00000 	0.00000 	0.00000 	0.00000 	0.00000 	0.00000 	0.00000 	1.00000 	0.20000 	7.00000 	0.16700 	9.00000 	0.37500 	3.00000 	0.63636 	2.00000 	1.50000 	1.00000 	2.00000 	4.00000 	1.43750 	29.00000 	0.86207 	64.00000 	0.93220 
S26 	P2	101.88400 	38.90900 	1440.00000 	0.10200 	0.01700 	6.16200 	173.14700 	10.49300 	180.00229 	11.45158 	0.09985 	168.76516 	10.16717 	0.10465 	0.09985 	11.07000 	8.88482 	1.52900 	0.14600 	0.04300 	-1.29100 	8.00000 	0.17391 	9.00000 	-1.13862 	1.02482 	-1.09765 	12.00000 	0.67442 	24.00000 	2040.00000 	1.00306 	4579.00000 	138.00000 	1.15668 	312.00000 	0.00000 	0.00000 	0.00000 	0.00000 	0.00000 	0.00000 	2.00000 	0.20000 	6.00000 	0.16700 	6.00000 	0.37500 	4.00000 	0.63636 	1.00000 	1.50000 	1.00000 	2.00000 	8.00000 	1.43750 	28.00000 	0.86207 	83.00000 	0.93220 
S26 	P3	101.88400 	38.90900 	1440.00000 	0.10200 	0.01700 	6.16200 	173.14700 	10.49300 	180.00229 	11.45158 	0.09985 	168.76516 	10.16717 	0.10465 	0.09985 	0.50000 	8.81587 	1.57600 	0.21100 	0.04200 	-1.27000 	7.00000 	0.17391 	9.00000 	-0.71623 	1.02482 	-1.09765 	16.00000 	0.67442 	24.00000 	2288.00000 	1.00306 	4579.00000 	176.00000 	1.15668 	312.00000 	0.00000 	0.00000 	0.00000 	0.00000 	0.00000 	0.00000 	2.00000 	0.20000 	5.00000 	0.16700 	9.00000 	0.37500 	4.00000 	0.63636 	3.00000 	1.50000 	0.00000 	2.00000 	4.00000 	1.43750 	30.00000 	0.86207 	89.00000 	0.93220 
S27 	P1	114.05300 	43.84700 	1065.00000 	0.20600 	0.03200 	6.35700 	211.97600 	4.10700 	213.90762 	4.25684 	0.22868 	177.71933 	4.21925 	0.15954 	0.22868 	53.66000 	7.88176 	6.19500 	0.65900 	0.03900 	-0.84800 	13.00000 	0.34211 	17.00000 	-0.10172 	0.82578 	-0.00422 	10.00000 	0.50000 	26.00000 	6182.00000 	0.94604 	8139.00000 	230.00000 	1.25650 	434.00000 	1.00000 	0.80000 	3.00000 	0.28571 	4.00000 	0.15385 	1.00000 	0.00000 	4.00000 	0.50000 	5.00000 	0.69565 	2.00000 	0.25000 	0.00000 	0.71429 	3.00000 	0.20000 	1.00000 	2.00000 	54.00000 	0.68182 	130.00000 	1.00649 
S27 	P2	114.05300 	43.84700 	1065.00000 	0.20600 	0.03200 	6.35700 	211.97600 	4.10700 	213.90762 	4.25684 	0.22868 	177.71933 	4.21925 	0.15954 	0.22868 	46.93000 	7.86402 	7.97700 	0.75600 	0.04000 	-0.72600 	12.00000 	0.34211 	17.00000 	-0.41448 	0.82578 	-0.00422 	22.00000 	0.50000 	26.00000 	2499.00000 	0.94604 	8139.00000 	134.00000 	1.25650 	434.00000 	2.00000 	0.80000 	2.00000 	0.28571 	4.00000 	0.15385 	1.00000 	0.00000 	3.00000 	0.50000 	9.00000 	0.69565 	5.00000 	0.25000 	4.00000 	0.71429 	4.00000 	0.20000 	0.00000 	2.00000 	44.00000 	0.68182 	79.00000 	1.00649 
S27 	P3	114.05300 	43.84700 	1065.00000 	0.20600 	0.03200 	6.35700 	211.97600 	4.10700 	213.90762 	4.25684 	0.22868 	177.71933 	4.21925 	0.15954 	0.22868 	24.03000 	7.96206 	4.61500 	0.53000 	0.04300 	-0.95800 	13.00000 	0.34211 	17.00000 	-0.01166 	0.82578 	-0.00422 	20.00000 	0.50000 	26.00000 	3866.00000 	0.94604 	8139.00000 	213.00000 	1.25650 	434.00000 	2.00000 	0.80000 	2.00000 	0.28571 	5.00000 	0.15385 	1.00000 	0.00000 	3.00000 	0.50000 	9.00000 	0.69565 	5.00000 	0.25000 	3.00000 	0.71429 	3.00000 	0.20000 	0.00000 	2.00000 	34.00000 	0.68182 	99.00000 	1.00649 
S28 	P1	113.05600 	43.73800 	1041.00000 	0.16300 	0.03300 	5.00600 	182.99500 	4.94200 	191.18252 	5.10450 	0.15787 	148.47401 	5.03783 	0.14223 	0.15787 	13.76000 	8.62150 	5.60700 	0.64500 	0.07500 	-0.64900 	7.00000 	0.32000 	11.00000 	0.34033 	-0.40774 	0.35050 	15.00000 	0.71429 	24.00000 	5300.00000 	0.65098 	9284.00000 	334.00000 	0.78115 	548.00000 	2.00000 	0.00000 	1.00000 	1.00000 	1.00000 	0.50000 	1.00000 	0.50000 	2.00000 	0.12500 	6.00000 	0.80000 	5.00000 	0.63636 	2.00000 	0.71429 	2.00000 	0.50000 	10.00000 	1.08696 	52.00000 	0.59574 	161.00000 	0.65063 
S28 	P2	113.05600 	43.73800 	1041.00000 	0.16300 	0.03300 	5.00600 	182.99500 	4.94200 	191.18252 	5.10450 	0.15787 	148.47401 	5.03783 	0.14223 	0.15787 	7.14000 	8.53529 	6.83800 	0.74300 	0.12000 	-0.25300 	8.00000 	0.32000 	11.00000 	0.14519 	-0.40774 	0.35050 	13.00000 	0.71429 	24.00000 	5769.00000 	0.65098 	9284.00000 	278.00000 	0.78115 	548.00000 	2.00000 	0.00000 	1.00000 	1.00000 	1.00000 	0.50000 	0.00000 	0.50000 	4.00000 	0.12500 	7.00000 	0.80000 	2.00000 	0.63636 	2.00000 	0.71429 	2.00000 	0.50000 	9.00000 	1.08696 	42.00000 	0.59574 	134.00000 	0.65063 
S28 	P3	113.05600 	43.73800 	1041.00000 	0.16300 	0.03300 	5.00600 	182.99500 	4.94200 	191.18252 	5.10450 	0.15787 	148.47401 	5.03783 	0.14223 	0.15787 	22.75000 	8.24423 	5.22800 	0.62700 	0.07200 	-0.69300 	10.00000 	0.32000 	11.00000 	0.31492 	-0.40774 	0.35050 	14.00000 	0.71429 	24.00000 	5801.00000 	0.65098 	9284.00000 	311.00000 	0.78115 	548.00000 	2.00000 	0.00000 	1.00000 	1.00000 	2.00000 	0.50000 	1.00000 	0.50000 	4.00000 	0.12500 	7.00000 	0.80000 	4.00000 	0.63636 	3.00000 	0.71429 	0.00000 	0.50000 	4.00000 	1.08696 	47.00000 	0.59574 	183.00000 	0.65063 
S29 	P1	120.42000 	49.12800 	706.30000 	0.55300 	0.03700 	14.77900 	374.16800 	0.10800 	345.86707 	0.18492 	0.52844 	409.64293 	0.06734 	0.54306 	0.52844 	139.94000 	6.54587 	27.89000 	2.35900 	0.11700 	0.93300 	38.00000 	0.76147 	64.00000 	1.04175 	-1.03672 	1.18420 	12.00000 	0.41818 	26.00000 	5626.00000 	0.63807 	9094.00000 	608.00000 	0.70270 	945.00000 	2.00000 	0.87500 	6.00000 	0.75000 	21.00000 	0.85294 	6.00000 	0.40000 	3.00000 	0.50000 	5.00000 	0.62500 	2.00000 	0.36364 	3.00000 	0.00000 	2.00000 	0.87500 	4.00000 	1.00000 	64.00000 	0.64331 	209.00000 	0.79783 
S29 	P2	120.42000 	49.12800 	706.30000 	0.55300 	0.03700 	14.77900 	374.16800 	0.10800 	345.86707 	0.18492 	0.52844 	409.64293 	0.06734 	0.54306 	0.52844 	184.81000 	6.62933 	24.13900 	2.09800 	0.10200 	0.67200 	43.00000 	0.76147 	64.00000 	1.04308 	-1.03672 	1.18420 	18.00000 	0.41818 	26.00000 	4590.00000 	0.63807 	9094.00000 	555.00000 	0.70270 	945.00000 	3.00000 	0.87500 	4.00000 	0.75000 	29.00000 	0.85294 	5.00000 	0.40000 	2.00000 	0.50000 	9.00000 	0.62500 	3.00000 	0.36364 	4.00000 	0.00000 	2.00000 	0.87500 	2.00000 	1.00000 	43.00000 	0.64331 	179.00000 	0.79783 
S29 	P3	120.42000 	49.12800 	706.30000 	0.55300 	0.03700 	14.77900 	374.16800 	0.10800 	345.86707 	0.18492 	0.52844 	409.64293 	0.06734 	0.54306 	0.52844 	305.60000 	6.83813 	40.84800 	3.57200 	0.14700 	1.74400 	28.00000 	0.76147 	64.00000 	1.72681 	-1.03672 	1.18420 	25.00000 	0.41818 	26.00000 	6439.00000 	0.63807 	9094.00000 	502.00000 	0.70270 	945.00000 	3.00000 	0.87500 	2.00000 	0.75000 	18.00000 	0.85294 	4.00000 	0.40000 	1.00000 	0.50000 	10.00000 	0.62500 	6.00000 	0.36364 	5.00000 	0.00000 	4.00000 	0.87500 	6.00000 	1.00000 	50.00000 	0.64331 	166.00000 	0.79783 
S30 	P1	112.04200 	43.55700 	961.70000 	0.15900 	0.02300 	6.97000 	164.93800 	5.93600 	175.01144 	6.13008 	0.16434 	137.94019 	5.98184 	0.14077 	0.16434 	27.31000 	8.52576 	2.31500 	0.24900 	0.02200 	-1.33800 	8.00000 	0.55556 	14.00000 	-1.10118 	0.33438 	-0.69863 	8.00000 	0.50000 	14.00000 	2788.00000 	0.81096 	8622.00000 	182.00000 	1.16293 	354.00000 	2.00000 	0.50000 	1.00000 	0.80000 	1.00000 	1.25000 	0.00000 	0.00000 	4.00000 	0.20000 	4.00000 	0.40000 	2.00000 	0.50000 	2.00000 	0.50000 	0.00000 	1.00000 	3.00000 	1.75000 	51.00000 	0.71074 	116.00000 	0.87255 
S30 	P2	112.04200 	43.55700 	961.70000 	0.15900 	0.02300 	6.97000 	164.93800 	5.93600 	175.01144 	6.13008 	0.16434 	137.94019 	5.98184 	0.14077 	0.16434 	41.96000 	8.86507 	1.78700 	0.18000 	0.01800 	-1.42600 	10.00000 	0.55556 	14.00000 	-0.43463 	0.33438 	-0.69863 	12.00000 	0.50000 	14.00000 	5183.00000 	0.81096 	8622.00000 	148.00000 	1.16293 	354.00000 	3.00000 	0.50000 	3.00000 	0.80000 	1.00000 	1.25000 	0.00000 	0.00000 	3.00000 	0.20000 	5.00000 	0.40000 	3.00000 	0.50000 	2.00000 	0.50000 	2.00000 	1.00000 	7.00000 	1.75000 	33.00000 	0.71074 	97.00000 	0.87255 
S30 	P3	112.04200 	43.55700 	961.70000 	0.15900 	0.02300 	6.97000 	164.93800 	5.93600 	175.01144 	6.13008 	0.16434 	137.94019 	5.98184 	0.14077 	0.16434 	45.83000 	8.66006 	2.13600 	0.23700 	0.02700 	-1.32500 	9.00000 	0.55556 	14.00000 	-0.40859 	0.33438 	-0.69863 	8.00000 	0.50000 	14.00000 	6312.00000 	0.81096 	8622.00000 	161.00000 	1.16293 	354.00000 	3.00000 	0.50000 	1.00000 	0.80000 	2.00000 	1.25000 	0.00000 	0.00000 	3.00000 	0.20000 	6.00000 	0.40000 	1.00000 	0.50000 	0.00000 	0.50000 	1.00000 	1.00000 	2.00000 	1.75000 	37.00000 	0.71074 	93.00000 	0.87255 
S31 	P1	108.29000 	41.82900 	1369.00000 	0.19100 	0.02400 	7.89400 	184.33100 	5.79500 	174.90686 	6.26367 	0.16913 	132.08751 	5.68825 	0.18687 	0.16913 	21.78000 	8.44986 	4.21500 	0.46400 	0.04500 	-0.99000 	5.00000 	0.58824 	9.00000 	0.40075 	-0.34032 	-0.21254 	14.00000 	0.39024 	19.00000 	5431.00000 	0.91996 	7580.00000 	366.00000 	0.76061 	581.00000 	0.00000 	0.00000 	1.00000 	0.20000 	3.00000 	0.66667 	0.00000 	0.00000 	1.00000 	0.50000 	8.00000 	0.44000 	3.00000 	0.28571 	2.00000 	0.20000 	1.00000 	0.50000 	6.00000 	2.00000 	52.00000 	0.54717 	161.00000 	0.64211 
S31 	P2	108.29000 	41.82900 	1369.00000 	0.19100 	0.02400 	7.89400 	184.33100 	5.79500 	174.90686 	6.26367 	0.16913 	132.08751 	5.68825 	0.18687 	0.16913 	23.32000 	8.39333 	3.91600 	0.43700 	0.03600 	-1.07800 	7.00000 	0.58824 	9.00000 	-0.22242 	-0.34032 	-0.21254 	14.00000 	0.39024 	19.00000 	3015.00000 	0.91996 	7580.00000 	331.00000 	0.76061 	581.00000 	0.00000 	0.00000 	2.00000 	0.20000 	4.00000 	0.66667 	0.00000 	0.00000 	1.00000 	0.50000 	9.00000 	0.44000 	2.00000 	0.28571 	2.00000 	0.20000 	1.00000 	0.50000 	0.00000 	2.00000 	50.00000 	0.54717 	153.00000 	0.64211 
S31 	P3	108.29000 	41.82900 	1369.00000 	0.19100 	0.02400 	7.89400 	184.33100 	5.79500 	174.90686 	6.26367 	0.16913 	132.08751 	5.68825 	0.18687 	0.16913 	22.27000 	8.40273 	3.93400 	0.44000 	0.04100 	-1.03900 	5.00000 	0.58824 	9.00000 	-0.31818 	-0.34032 	-0.21254 	13.00000 	0.39024 	19.00000 	3398.00000 	0.91996 	7580.00000 	293.00000 	0.76061 	581.00000 	0.00000 	0.00000 	2.00000 	0.20000 	2.00000 	0.66667 	0.00000 	0.00000 	1.00000 	0.50000 	8.00000 	0.44000 	2.00000 	0.28571 	1.00000 	0.20000 	2.00000 	0.50000 	1.00000 	2.00000 	57.00000 	0.54717 	161.00000 	0.64211 
S32 	P1	112.63900 	42.57900 	1143.00000 	0.20800 	0.03600 	5.83700 	229.61800 	5.77400 	256.09050 	6.03366 	0.19784 	176.13005 	5.67317 	0.21628 	0.19784 	69.53000 	8.73765 	4.98200 	0.58000 	0.06100 	-0.79500 	12.00000 	0.50000 	17.00000 	-0.28337 	0.43085 	-0.50578 	16.00000 	0.50000 	16.00000 	2276.00000 	1.02001 	8379.00000 	321.00000 	0.95853 	425.00000 	6.00000 	0.84615 	2.00000 	0.28571 	1.00000 	0.50000 	1.00000 	0.00000 	2.00000 	0.28600 	10.00000 	0.57143 	3.00000 	0.50000 	1.00000 	0.50000 	2.00000 	1.00000 	5.00000 	1.14286 	51.00000 	0.68103 	153.00000 	0.85423 
S32 	P2	112.63900 	42.57900 	1143.00000 	0.20800 	0.03600 	5.83700 	229.61800 	5.77400 	256.09050 	6.03366 	0.19784 	176.13005 	5.67317 	0.21628 	0.19784 	71.69000 	8.56394 	4.74700 	0.59300 	0.04300 	-0.92400 	15.00000 	0.50000 	17.00000 	-0.11637 	0.43085 	-0.50578 	10.00000 	0.50000 	16.00000 	7192.00000 	1.02001 	8379.00000 	153.00000 	0.95853 	425.00000 	7.00000 	0.84615 	2.00000 	0.28571 	2.00000 	0.50000 	1.00000 	0.00000 	3.00000 	0.28600 	7.00000 	0.57143 	2.00000 	0.50000 	1.00000 	0.50000 	0.00000 	1.00000 	7.00000 	1.14286 	31.00000 	0.68103 	84.00000 	0.85423 
S32 	P3	112.63900 	42.57900 	1143.00000 	0.20800 	0.03600 	5.83700 	229.61800 	5.77400 	256.09050 	6.03366 	0.19784 	176.13005 	5.67317 	0.21628 	0.19784 	56.99000 	8.29987 	4.94800 	0.56800 	0.04700 	-0.89400 	7.00000 	0.50000 	17.00000 	-1.20343 	0.43085 	-0.50578 	6.00000 	0.50000 	16.00000 	2976.00000 	1.02001 	8379.00000 	177.00000 	0.95853 	425.00000 	0.00000 	0.84615 	3.00000 	0.28571 	1.00000 	0.50000 	1.00000 	0.00000 	2.00000 	0.28600 	4.00000 	0.57143 	1.00000 	0.50000 	0.00000 	0.50000 	1.00000 	1.00000 	2.00000 	1.14286 	34.00000 	0.68103 	106.00000 	0.85423 
S33 	P1	101.77200 	38.93500 	1490.00000 	0.11600 	0.01300 	8.72700 	172.17200 	10.29300 	181.40389 	11.23559 	0.11427 	169.44485 	9.99408 	0.12431 	0.11427 	14.36000 	8.70848 	2.31500 	0.09100 	0.03100 	-1.34400 	5.00000 	0.41176 	8.00000 	-0.24503 	-0.03863 	-0.34176 	17.00000 	0.56000 	26.00000 	4006.00000 	0.69301 	7491.00000 	189.00000 	1.05821 	330.00000 	1.00000 	0.50000 	0.00000 	0.00000 	0.00000 	2.00000 	0.00000 	0.00000 	4.00000 	0.28600 	11.00000 	0.60714 	4.00000 	0.09091 	2.00000 	0.71429 	0.00000 	2.00000 	1.00000 	2.00000 	47.00000 	0.52381 	117.00000 	0.89362 
S33 	P2	101.77200 	38.93500 	1490.00000 	0.11600 	0.01300 	8.72700 	172.17200 	10.29300 	181.40389 	11.23559 	0.11427 	169.44485 	9.99408 	0.12431 	0.11427 	24.71000 	8.87494 	1.78700 	0.11100 	0.03700 	-1.33200 	5.00000 	0.41176 	8.00000 	-0.32930 	-0.03863 	-0.34176 	15.00000 	0.56000 	26.00000 	4740.00000 	0.69301 	7491.00000 	151.00000 	1.05821 	330.00000 	1.00000 	0.50000 	0.00000 	0.00000 	1.00000 	2.00000 	0.00000 	0.00000 	3.00000 	0.28600 	8.00000 	0.60714 	3.00000 	0.09091 	3.00000 	0.71429 	1.00000 	2.00000 	0.00000 	2.00000 	42.00000 	0.52381 	94.00000 	0.89362 
S33 	P3	101.77200 	38.93500 	1490.00000 	0.11600 	0.01300 	8.72700 	172.17200 	10.29300 	181.40389 	11.23559 	0.11427 	169.44485 	9.99408 	0.12431 	0.11427 	7.06000 	8.90461 	1.13800 	0.09800 	0.03200 	-1.41200 	7.00000 	0.41176 	8.00000 	-0.21347 	-0.03863 	-0.34176 	18.00000 	0.56000 	26.00000 	4528.00000 	0.69301 	7491.00000 	141.00000 	1.05821 	330.00000 	2.00000 	0.50000 	0.00000 	0.00000 	0.00000 	2.00000 	0.00000 	0.00000 	5.00000 	0.28600 	9.00000 	0.60714 	4.00000 	0.09091 	2.00000 	0.71429 	3.00000 	2.00000 	0.00000 	2.00000 	37.00000 	0.52381 	71.00000 	0.89362 
S34 	P1	120.02400 	49.52200 	657.30000 	0.54800 	0.04500 	12.31300 	359.47400 	-0.22600 	328.30362 	-0.18742 	0.55738 	391.54860 	-0.18092 	0.55986 	0.55738 	223.55000 	7.09300 	36.80500 	3.30900 	0.13200 	1.50100 	21.00000 	0.85714 	39.00000 	0.48293 	-0.35520 	0.43036 	12.00000 	0.36364 	25.00000 	6255.00000 	0.84194 	7843.00000 	377.00000 	0.87565 	719.00000 	0.00000 	0.50000 	3.00000 	0.33333 	16.00000 	1.08696 	1.00000 	0.00000 	1.00000 	0.00000 	7.00000 	0.33333 	2.00000 	0.75000 	1.00000 	0.12500 	2.00000 	0.12500 	1.00000 	2.00000 	59.00000 	0.57447 	219.00000 	0.74903 
S34 	P2	120.02400 	49.52200 	657.30000 	0.54800 	0.04500 	12.31300 	359.47400 	-0.22600 	328.30362 	-0.18742 	0.55738 	391.54860 	-0.18092 	0.55986 	0.55738 	196.72000 	6.55342 	39.75800 	3.39600 	0.13500 	1.59300 	28.00000 	0.85714 	39.00000 	0.02156 	-0.35520 	0.43036 	18.00000 	0.36364 	25.00000 	2305.00000 	0.84194 	7843.00000 	378.00000 	0.87565 	719.00000 	1.00000 	0.50000 	4.00000 	0.33333 	21.00000 	1.08696 	1.00000 	0.00000 	1.00000 	0.00000 	9.00000 	0.33333 	5.00000 	0.75000 	2.00000 	0.12500 	2.00000 	0.12500 	6.00000 	2.00000 	41.00000 	0.57447 	155.00000 	0.74903 
S34 	P3	120.02400 	49.52200 	657.30000 	0.54800 	0.04500 	12.31300 	359.47400 	-0.22600 	328.30362 	-0.18742 	0.55738 	391.54860 	-0.18092 	0.55986 	0.55738 	276.05000 	6.60648 	41.61200 	3.39500 	0.14600 	1.69200 	14.00000 	0.85714 	39.00000 	0.92838 	-0.35520 	0.43036 	25.00000 	0.36364 	25.00000 	4214.00000 	0.84194 	7843.00000 	395.00000 	0.87565 	719.00000 	1.00000 	0.50000 	2.00000 	0.33333 	9.00000 	1.08696 	1.00000 	0.00000 	1.00000 	0.00000 	11.00000 	0.33333 	5.00000 	0.75000 	5.00000 	0.12500 	4.00000 	0.12500 	0.00000 	2.00000 	41.00000 	0.57447 	144.00000 	0.74903 
S35 	P1	108.47700 	41.77800 	1543.00000 	0.17300 	0.02300 	7.40000 	191.80500 	5.07600 	183.72907 	5.55417 	0.15506 	137.06192 	4.99075 	0.16939 	0.15506 	36.77000 	8.59268 	7.56800 	0.70000 	0.09500 	-0.39900 	8.00000 	0.57895 	10.00000 	-0.36782 	0.09255 	-0.08678 	4.00000 	0.87500 	15.00000 	5465.00000 	0.72695 	9447.00000 	320.00000 	0.80719 	553.00000 	1.00000 	0.50000 	5.00000 	0.60000 	2.00000 	0.50000 	0.00000 	0.00000 	0.00000 	0.00000 	0.00000 	1.33333 	0.00000 	1.00000 	2.00000 	0.20000 	2.00000 	0.50000 	8.00000 	2.00000 	43.00000 	0.51079 	160.00000 	0.68670 
S35 	P2	108.47700 	41.77800 	1543.00000 	0.17300 	0.02300 	7.40000 	191.80500 	5.07600 	183.72907 	5.55417 	0.15506 	137.06192 	4.99075 	0.16939 	0.15506 	48.35000 	8.54483 	5.15300 	0.63900 	0.08600 	-0.60200 	7.00000 	0.57895 	10.00000 	0.21700 	0.09255 	-0.08678 	12.00000 	0.87500 	15.00000 	5575.00000 	0.72695 	9447.00000 	337.00000 	0.80719 	553.00000 	1.00000 	0.50000 	6.00000 	0.60000 	0.00000 	0.50000 	0.00000 	0.00000 	0.00000 	0.00000 	7.00000 	1.33333 	2.00000 	1.00000 	2.00000 	0.20000 	1.00000 	0.50000 	1.00000 	2.00000 	45.00000 	0.51079 	159.00000 	0.68670 
S35 	P3	108.47700 	41.77800 	1543.00000 	0.17300 	0.02300 	7.40000 	191.80500 	5.07600 	183.72907 	5.55417 	0.15506 	137.06192 	4.99075 	0.16939 	0.15506 	36.77000 	8.57351 	5.72500 	0.63000 	0.09100 	-0.53900 	4.00000 	0.57895 	10.00000 	-0.31007 	0.09255 	-0.08678 	8.00000 	0.87500 	15.00000 	5371.00000 	0.72695 	9447.00000 	261.00000 	0.80719 	553.00000 	0.00000 	0.50000 	4.00000 	0.60000 	0.00000 	0.50000 	0.00000 	0.00000 	0.00000 	0.00000 	2.00000 	1.33333 	4.00000 	1.00000 	1.00000 	0.20000 	1.00000 	0.50000 	0.00000 	2.00000 	51.00000 	0.51079 	147.00000 	0.68670 
S36 	P1	111.94500 	41.86100 	1466.00000 	0.28400 	0.06100 	4.68400 	279.51300 	4.43200 	314.60049 	4.83342 	0.28901 	210.02667 	4.24558 	0.23995 	0.28901 	91.33000 	8.28128 	11.15800 	1.24200 	0.07400 	-0.19000 	13.00000 	0.73684 	22.00000 	0.38979 	-0.30645 	0.25310 	9.00000 	0.68750 	18.00000 	7189.00000 	0.67107 	10252.00000 	343.00000 	0.82751 	558.00000 	3.00000 	0.33333 	2.00000 	0.80000 	5.00000 	1.07692 	0.00000 	0.50000 	3.00000 	0.33300 	6.00000 	0.41176 	3.00000 	1.00000 	0.00000 	0.71429 	0.00000 	2.00000 	15.00000 	2.00000 	63.00000 	0.63636 	134.00000 	0.74194 
S36 	P2	111.94500 	41.86100 	1466.00000 	0.28400 	0.06100 	4.68400 	279.51300 	4.43200 	314.60049 	4.83342 	0.28901 	210.02667 	4.24558 	0.23995 	0.28901 	100.71000 	8.31848 	11.72900 	1.36500 	0.08200 	-0.07300 	14.00000 	0.73684 	22.00000 	0.53448 	-0.30645 	0.25310 	16.00000 	0.68750 	18.00000 	5908.00000 	0.67107 	10252.00000 	334.00000 	0.82751 	558.00000 	3.00000 	0.33333 	2.00000 	0.80000 	5.00000 	1.07692 	1.00000 	0.50000 	3.00000 	0.33300 	7.00000 	0.41176 	2.00000 	1.00000 	5.00000 	0.71429 	2.00000 	2.00000 	2.00000 	2.00000 	58.00000 	0.63636 	145.00000 	0.74194 
S36 	P3	111.94500 	41.86100 	1466.00000 	0.28400 	0.06100 	4.68400 	279.51300 	4.43200 	314.60049 	4.83342 	0.28901 	210.02667 	4.24558 	0.23995 	0.28901 	109.18000 	8.31848 	13.94500 	1.55500 	0.08700 	0.10300 	11.00000 	0.73684 	22.00000 	-0.45342 	-0.30645 	0.25310 	7.00000 	0.68750 	18.00000 	5308.00000 	0.67107 	10252.00000 	239.00000 	0.82751 	558.00000 	3.00000 	0.33333 	1.00000 	0.80000 	3.00000 	1.07692 	1.00000 	0.50000 	3.00000 	0.33300 	4.00000 	0.41176 	1.00000 	1.00000 	2.00000 	0.71429 	0.00000 	2.00000 	1.00000 	2.00000 	55.00000 	0.63636 	124.00000 	0.74194 
S37 	P1	117.60100 	44.44000 	1079.00000 	0.38900 	0.05000 	7.78700 	305.63800 	2.49000 	277.80607 	2.49225 	0.37696 	286.64334 	2.48042 	0.39838 	0.37696 	203.79000 	8.31848 	15.47600 	1.75700 	0.07000 	0.11000 	13.00000 	0.21154 	21.00000 	0.36044 	0.98133 	0.05288 	18.00000 	0.64151 	29.00000 	5902.00000 	1.06505 	7704.00000 	234.00000 	1.07431 	428.00000 	3.00000 	0.28571 	5.00000 	0.07143 	3.00000 	0.57895 	2.00000 	0.09091 	0.00000 	0.00000 	8.00000 	0.77273 	4.00000 	0.66667 	4.00000 	0.28571 	2.00000 	0.87500 	2.00000 	2.00000 	52.00000 	0.72388 	124.00000 	0.89677 
S37 	P2	117.60100 	44.44000 	1079.00000 	0.38900 	0.05000 	7.78700 	305.63800 	2.49000 	277.80607 	2.49225 	0.37696 	286.64334 	2.48042 	0.39838 	0.37696 	144.86000 	8.43098 	12.81800 	1.54600 	0.06000 	-0.11500 	19.00000 	0.21154 	21.00000 	-0.36395 	0.98133 	0.05288 	18.00000 	0.64151 	29.00000 	3028.00000 	1.06505 	7704.00000 	198.00000 	1.07431 	428.00000 	2.00000 	0.28571 	4.00000 	0.07143 	8.00000 	0.57895 	4.00000 	0.09091 	1.00000 	0.00000 	7.00000 	0.77273 	3.00000 	0.66667 	4.00000 	0.28571 	4.00000 	0.87500 	3.00000 	2.00000 	51.00000 	0.72388 	100.00000 	0.89677 
S37 	P3	117.60100 	44.44000 	1079.00000 	0.38900 	0.05000 	7.78700 	305.63800 	2.49000 	277.80607 	2.49225 	0.37696 	286.64334 	2.48042 	0.39838 	0.37696 	161.40000 	8.25348 	12.20000 	1.24900 	0.05500 	-0.27700 	20.00000 	0.21154 	21.00000 	-0.62500 	0.98133 	0.05288 	17.00000 	0.64151 	29.00000 	2262.00000 	1.06505 	7704.00000 	187.00000 	1.07431 	428.00000 	2.00000 	0.28571 	5.00000 	0.07143 	8.00000 	0.57895 	5.00000 	0.09091 	0.00000 	0.00000 	7.00000 	0.77273 	2.00000 	0.66667 	6.00000 	0.28571 	2.00000 	0.87500 	0.00000 	2.00000 	31.00000 	0.72388 	86.00000 	0.89677 
S38 	P1	116.78300 	44.42500 	1051.00000 	0.34600 	0.04700 	7.36000 	278.96400 	2.99500 	251.03349 	3.00075 	0.33995 	266.71240 	3.03683 	0.33732 	0.33995 	146.96000 	8.34648 	11.00400 	1.19900 	0.09000 	-0.11000 	11.00000 	0.63636 	18.00000 	-0.05110 	0.22060 	0.09067 	19.00000 	0.39286 	26.00000 	2509.00000 	0.85090 	7957.00000 	318.00000 	1.14651 	503.00000 	3.00000 	0.28571 	2.00000 	0.50000 	4.00000 	1.07692 	2.00000 	0.00000 	0.00000 	2.00000 	9.00000 	0.20000 	4.00000 	0.36364 	3.00000 	1.14286 	3.00000 	0.50000 	5.00000 	1.50000 	54.00000 	0.80992 	156.00000 	0.94783 
S38 	P2	116.78300 	44.42500 	1051.00000 	0.34600 	0.04700 	7.36000 	278.96400 	2.99500 	251.03349 	3.00075 	0.33995 	266.71240 	3.03683 	0.33732 	0.33995 	95.80000 	8.34648 	12.29100 	1.34100 	0.05300 	-0.25700 	11.00000 	0.63636 	18.00000 	0.18694 	0.22060 	0.09067 	21.00000 	0.39286 	26.00000 	5139.00000 	0.85090 	7957.00000 	167.00000 	1.14651 	503.00000 	2.00000 	0.28571 	1.00000 	0.50000 	5.00000 	1.07692 	2.00000 	0.00000 	1.00000 	2.00000 	11.00000 	0.20000 	4.00000 	0.36364 	3.00000 	1.14286 	3.00000 	0.50000 	1.00000 	1.50000 	34.00000 	0.80992 	92.00000 	0.94783 
S38 	P3	116.78300 	44.42500 	1051.00000 	0.34600 	0.04700 	7.36000 	278.96400 	2.99500 	251.03349 	3.00075 	0.33995 	266.71240 	3.03683 	0.33732 	0.33995 	133.65000 	8.45932 	13.06900 	1.46800 	0.05300 	-0.18200 	11.00000 	0.63636 	18.00000 	0.04482 	0.22060 	0.09067 	16.00000 	0.39286 	26.00000 	5249.00000 	0.85090 	7957.00000 	218.00000 	1.14651 	503.00000 	2.00000 	0.28571 	3.00000 	0.50000 	4.00000 	1.07692 	2.00000 	0.00000 	0.00000 	2.00000 	10.00000 	0.20000 	3.00000 	0.36364 	1.00000 	1.14286 	2.00000 	0.50000 	6.00000 	1.50000 	33.00000 	0.80992 	97.00000 	0.94783 
S39 	P1	117.41400 	44.45800 	1128.00000 	0.42600 	0.03900 	10.78500 	297.70100 	2.27400 	267.86944 	2.27967 	0.41946 	281.25350 	2.27142 	0.41433 	0.41946 	175.69000 	7.59345 	14.28200 	1.55800 	0.06200 	-0.04800 	9.00000 	0.35484 	14.00000 	0.78684 	0.06772 	0.88352 	21.00000 	0.42105 	27.00000 	6004.00000 	0.82297 	10208.00000 	305.00000 	1.07568 	640.00000 	4.00000 	0.00000 	1.00000 	0.00000 	1.00000 	0.60000 	2.00000 	0.20000 	1.00000 	0.50000 	10.00000 	0.24138 	4.00000 	0.50000 	3.00000 	0.80000 	4.00000 	0.50000 	5.00000 	2.00000 	56.00000 	0.50968 	139.00000 	0.86560 
S39 	P2	117.41400 	44.45800 	1128.00000 	0.42600 	0.03900 	10.78500 	297.70100 	2.27400 	267.86944 	2.27967 	0.41946 	281.25350 	2.27142 	0.41433 	0.41946 	154.93000 	7.79339 	17.31200 	1.87900 	0.06800 	0.19300 	11.00000 	0.35484 	14.00000 	0.25723 	0.06772 	0.88352 	14.00000 	0.42105 	27.00000 	5672.00000 	0.82297 	10208.00000 	301.00000 	1.07568 	640.00000 	1.00000 	0.00000 	1.00000 	0.00000 	8.00000 	0.60000 	1.00000 	0.20000 	0.00000 	0.50000 	7.00000 	0.24138 	2.00000 	0.50000 	2.00000 	0.80000 	3.00000 	0.50000 	2.00000 	2.00000 	49.00000 	0.50968 	145.00000 	0.86560 
S39 	P3	117.41400 	44.45800 	1128.00000 	0.42600 	0.03900 	10.78500 	297.70100 	2.27400 	267.86944 	2.27967 	0.41946 	281.25350 	2.27142 	0.41433 	0.41946 	163.17000 	7.81981 	14.88400 	1.63200 	0.06300 	0.00400 	11.00000 	0.35484 	14.00000 	0.70375 	0.06772 	0.88352 	22.00000 	0.42105 	27.00000 	5123.00000 	0.82297 	10208.00000 	319.00000 	1.07568 	640.00000 	1.00000 	0.00000 	1.00000 	0.00000 	6.00000 	0.60000 	2.00000 	0.20000 	1.00000 	0.50000 	12.00000 	0.24138 	2.00000 	0.50000 	5.00000 	0.80000 	3.00000 	0.50000 	9.00000 	2.00000 	50.00000 	0.50968 	155.00000 	0.86560 
S40 	P1	119.76200 	48.85800 	817.10000 	0.44400 	0.05100 	8.62700 	334.80500 	0.80800 	304.36818 	0.86725 	0.45246 	370.48635 	0.68517 	0.45951 	0.45246 	136.72000 	7.61065 	17.10900 	1.67700 	0.07300 	0.15100 	24.00000 	0.60714 	45.00000 	0.37974 	0.30022 	-0.14157 	12.00000 	0.29545 	19.00000 	6502.00000 	1.04004 	8118.00000 	325.00000 	1.03519 	559.00000 	2.00000 	0.80000 	4.00000 	0.20000 	15.00000 	0.68421 	2.00000 	0.80000 	1.00000 	0.50000 	5.00000 	0.26316 	2.00000 	0.80000 	4.00000 	0.20000 	1.00000 	0.20000 	1.00000 	1.45455 	54.00000 	0.90196 	163.00000 	0.87324 
S40 	P2	119.76200 	48.85800 	817.10000 	0.44400 	0.05100 	8.62700 	334.80500 	0.80800 	304.36818 	0.86725 	0.45246 	370.48635 	0.68517 	0.45951 	0.45246 	137.51000 	7.19890 	15.01700 	1.51800 	0.06900 	0.00800 	34.00000 	0.60714 	45.00000 	-0.52554 	0.30022 	-0.14157 	16.00000 	0.29545 	19.00000 	2351.00000 	1.04004 	8118.00000 	235.00000 	1.03519 	559.00000 	1.00000 	0.80000 	6.00000 	0.20000 	25.00000 	0.68421 	2.00000 	0.80000 	0.00000 	0.50000 	6.00000 	0.26316 	4.00000 	0.80000 	4.00000 	0.20000 	2.00000 	0.20000 	7.00000 	1.45455 	49.00000 	0.90196 	123.00000 	0.87324 
S40 	P3	119.76200 	48.85800 	817.10000 	0.44400 	0.05100 	8.62700 	334.80500 	0.80800 	304.36818 	0.86725 	0.45246 	370.48635 	0.68517 	0.45951 	0.45246 	116.33000 	7.29788 	15.34700 	1.53100 	0.07100 	0.03400 	26.00000 	0.60714 	45.00000 	-0.28107 	0.30022 	-0.14157 	16.00000 	0.29545 	19.00000 	3085.00000 	1.04004 	8118.00000 	264.00000 	1.03519 	559.00000 	2.00000 	0.80000 	5.00000 	0.20000 	17.00000 	0.68421 	1.00000 	0.80000 	1.00000 	0.50000 	8.00000 	0.26316 	4.00000 	0.80000 	2.00000 	0.20000 	2.00000 	0.20000 	3.00000 	1.45455 	50.00000 	0.90196 	140.00000 	0.87324 
S41 	P1	120.03400 	49.37800 	640.30000 	0.48500 	0.05600 	8.64800 	355.40200 	0.36700 	324.54581 	0.42100 	0.50246 	388.47988 	0.36900 	0.48762 	0.50246 	315.27000 	7.44859 	30.29100 	2.88900 	0.11900 	1.16600 	11.00000 	0.76923 	23.00000 	0.33972 	-0.36457 	0.37489 	16.00000 	0.37288 	27.00000 	5798.00000 	0.64408 	9106.00000 	277.00000 	1.10593 	497.00000 	1.00000 	1.00000 	2.00000 	0.28571 	6.00000 	1.08696 	2.00000 	0.00000 	0.00000 	0.00000 	6.00000 	0.63636 	4.00000 	0.07143 	3.00000 	0.20000 	3.00000 	0.61538 	2.00000 	2.00000 	43.00000 	0.85000 	146.00000 	0.85821 
S41 	P2	120.03400 	49.37800 	640.30000 	0.48500 	0.05600 	8.64800 	355.40200 	0.36700 	324.54581 	0.42100 	0.50246 	388.47988 	0.36900 	0.48762 	0.50246 	254.03000 	6.80684 	36.58700 	2.63800 	0.12600 	1.24700 	15.00000 	0.76923 	23.00000 	0.39139 	-0.36457 	0.37489 	19.00000 	0.37288 	27.00000 	5889.00000 	0.64408 	9106.00000 	224.00000 	1.10593 	497.00000 	1.00000 	1.00000 	2.00000 	0.28571 	10.00000 	1.08696 	2.00000 	0.00000 	0.00000 	0.00000 	8.00000 	0.63636 	5.00000 	0.07143 	3.00000 	0.20000 	3.00000 	0.61538 	2.00000 	2.00000 	40.00000 	0.85000 	121.00000 	0.85821 
S41 	P3	120.03400 	49.37800 	640.30000 	0.48500 	0.05600 	8.64800 	355.40200 	0.36700 	324.54581 	0.42100 	0.50246 	388.47988 	0.36900 	0.48762 	0.50246 	234.17000 	7.19071 	30.13300 	2.55600 	0.10800 	0.98400 	13.00000 	0.76923 	23.00000 	0.45335 	-0.36457 	0.37489 	24.00000 	0.37288 	27.00000 	4929.00000 	0.64408 	9106.00000 	207.00000 	1.10593 	497.00000 	1.00000 	1.00000 	3.00000 	0.28571 	7.00000 	1.08696 	2.00000 	0.00000 	0.00000 	0.00000 	8.00000 	0.63636 	5.00000 	0.07143 	4.00000 	0.20000 	7.00000 	0.61538 	1.00000 	2.00000 	37.00000 	0.85000 	135.00000 	0.85821 
S42 	P1	116.67200 	43.55300 	1270.00000 	0.41900 	0.04700 	8.91200 	308.61000 	2.37400 	307.15903 	2.44875 	0.41200 	282.20399 	2.38000 	0.40740 	0.41200 	132.50000 	7.68850 	19.01000 	1.78300 	0.07700 	0.26800 	13.00000 	0.50000 	15.00000 	1.13830 	-0.15081 	0.75872 	20.00000 	0.30435 	20.00000 	6596.00000 	0.72493 	9697.00000 	401.00000 	1.16725 	825.00000 	3.00000 	0.87500 	4.00000 	0.20000 	3.00000 	1.25000 	3.00000 	0.12500 	0.00000 	0.00000 	10.00000 	0.12500 	3.00000 	1.00000 	4.00000 	0.33333 	3.00000 	0.28571 	15.00000 	0.89474 	46.00000 	0.62209 	156.00000 	0.77196 
S42 	P2	116.67200 	43.55300 	1270.00000 	0.41900 	0.04700 	8.91200 	308.61000 	2.37400 	307.15903 	2.44875 	0.41200 	282.20399 	2.38000 	0.40740 	0.41200 	190.80000 	7.27302 	18.18100 	1.73200 	0.08300 	0.26700 	9.00000 	0.50000 	15.00000 	0.14264 	-0.15081 	0.75872 	12.00000 	0.30435 	20.00000 	4500.00000 	0.72493 	9697.00000 	389.00000 	1.16725 	825.00000 	4.00000 	0.87500 	3.00000 	0.20000 	0.00000 	1.25000 	2.00000 	0.12500 	0.00000 	0.00000 	7.00000 	0.12500 	1.00000 	1.00000 	2.00000 	0.33333 	2.00000 	0.28571 	12.00000 	0.89474 	54.00000 	0.62209 	161.00000 	0.77196 
S42 	P3	116.67200 	43.55300 	1270.00000 	0.41900 	0.04700 	8.91200 	308.61000 	2.37400 	307.15903 	2.44875 	0.41200 	282.20399 	2.38000 	0.40740 	0.41200 	142.37000 	7.30618 	17.79100 	1.95000 	0.07700 	0.29100 	8.00000 	0.50000 	15.00000 	0.43119 	-0.15081 	0.75872 	14.00000 	0.30435 	20.00000 	5769.00000 	0.72493 	9697.00000 	352.00000 	1.16725 	825.00000 	1.00000 	0.87500 	3.00000 	0.20000 	1.00000 	1.25000 	3.00000 	0.12500 	0.00000 	0.00000 	7.00000 	0.12500 	2.00000 	1.00000 	3.00000 	0.33333 	2.00000 	0.28571 	11.00000 	0.89474 	72.00000 	0.62209 	218.00000 	0.77196 
S43 	P1	101.62400 	39.02300 	1470.00000 	0.10200 	0.01400 	7.45000 	168.30100 	10.39500 	178.00588 	11.30733 	0.09572 	165.75893 	10.13508 	0.11518 	0.09572 	8.77000 	8.73765 	4.65900 	0.57100 	0.09900 	-0.56400 	7.00000 	0.42105 	9.00000 	-0.64597 	0.34091 	-0.91689 	10.00000 	0.57895 	20.00000 	4120.00000 	0.65687 	6258.00000 	196.00000 	1.28082 	333.00000 	4.00000 	0.66667 	0.00000 	0.00000 	0.00000 	0.00000 	0.00000 	0.00000 	3.00000 	0.00000 	7.00000 	0.37500 	0.00000 	1.00000 	1.00000 	0.71429 	2.00000 	2.00000 	1.00000 	2.00000 	40.00000 	1.00000 	97.00000 	1.10121 
S43 	P2	101.62400 	39.02300 	1470.00000 	0.10200 	0.01400 	7.45000 	168.30100 	10.39500 	178.00588 	11.30733 	0.09572 	165.75893 	10.13508 	0.11518 	0.09572 	11.99000 	8.29987 	4.87000 	0.70100 	0.10000 	-0.49800 	6.00000 	0.42105 	9.00000 	-0.85996 	0.34091 	-0.91689 	11.00000 	0.57895 	20.00000 	3847.00000 	0.65687 	6258.00000 	123.00000 	1.28082 	333.00000 	2.00000 	0.66667 	0.00000 	0.00000 	0.00000 	0.00000 	0.00000 	0.00000 	4.00000 	0.00000 	7.00000 	0.37500 	1.00000 	1.00000 	2.00000 	0.71429 	1.00000 	2.00000 	0.00000 	2.00000 	27.00000 	1.00000 	79.00000 	1.10121 
S43 	P3	101.62400 	39.02300 	1470.00000 	0.10200 	0.01400 	7.45000 	168.30100 	10.39500 	178.00588 	11.30733 	0.09572 	165.75893 	10.13508 	0.11518 	0.09572 	2.15000 	8.50673 	3.98500 	0.46700 	0.09100 	-0.69800 	6.00000 	0.42105 	9.00000 	-0.59291 	0.34091 	-0.91689 	17.00000 	0.57895 	20.00000 	3364.00000 	0.65687 	6258.00000 	119.00000 	1.28082 	333.00000 	3.00000 	0.66667 	0.00000 	0.00000 	0.00000 	0.00000 	0.00000 	0.00000 	3.00000 	0.00000 	10.00000 	0.37500 	2.00000 	1.00000 	4.00000 	0.71429 	1.00000 	2.00000 	0.00000 	2.00000 	35.00000 	1.00000 	71.00000 	1.10121 
S44 	P1	119.66900 	48.49400 	755.20000 	0.45400 	0.03500 	13.08800 	331.45600 	0.46700 	301.64084 	0.50908 	0.44982 	367.77574 	0.28041 	0.43887 	0.44982 	143.90000 	7.62789 	19.16200 	1.76600 	0.06200 	0.16800 	23.00000 	0.52113 	36.00000 	0.86087 	0.24299 	1.64589 	12.00000 	0.80000 	30.00000 	6351.00000 	0.71796 	10223.00000 	496.00000 	0.96823 	950.00000 	1.00000 	0.50000 	3.00000 	0.15385 	16.00000 	0.62500 	2.00000 	0.00000 	1.00000 	2.00000 	6.00000 	0.69565 	2.00000 	1.25000 	3.00000 	0.84615 	1.00000 	0.50000 	2.00000 	2.00000 	54.00000 	0.67647 	172.00000 	0.86014 
S44 	P2	119.66900 	48.49400 	755.20000 	0.45400 	0.03500 	13.08800 	331.45600 	0.46700 	301.64084 	0.50908 	0.44982 	367.77574 	0.28041 	0.43887 	0.44982 	125.17000 	7.76705 	20.13700 	1.98900 	0.06800 	0.30700 	21.00000 	0.52113 	36.00000 	1.17246 	0.24299 	1.64589 	20.00000 	0.80000 	30.00000 	5873.00000 	0.71796 	10223.00000 	464.00000 	0.96823 	950.00000 	0.00000 	0.50000 	5.00000 	0.15385 	13.00000 	0.62500 	2.00000 	0.00000 	1.00000 	2.00000 	7.00000 	0.69565 	5.00000 	1.25000 	5.00000 	0.84615 	3.00000 	0.50000 	2.00000 	2.00000 	40.00000 	0.67647 	122.00000 	0.86014 
S44 	P3	119.66900 	48.49400 	755.20000 	0.45400 	0.03500 	13.08800 	331.45600 	0.46700 	301.64084 	0.50908 	0.44982 	367.77574 	0.28041 	0.43887 	0.44982 	161.31000 	7.40646 	23.50700 	2.11400 	0.03800 	0.23900 	27.00000 	0.52113 	36.00000 	1.06445 	0.24299 	1.64589 	18.00000 	0.80000 	30.00000 	5628.00000 	0.71796 	10223.00000 	488.00000 	0.96823 	950.00000 	1.00000 	0.50000 	5.00000 	0.15385 	19.00000 	0.62500 	2.00000 	0.00000 	0.00000 	2.00000 	10.00000 	0.69565 	1.00000 	1.25000 	5.00000 	0.84615 	2.00000 	0.50000 	2.00000 	2.00000 	42.00000 	0.67647 	135.00000 	0.86014 
